MEME version 4

ALPHABET= ACGT

strands: + -

Background letter frequencies
A 0.25 C 0.25 G 0.25 T 0.25

MOTIF AHCTF1.H13CORE.0.B.B
letter-probability matrix: alength= 4 w= 7 nsites= 681
0.3671071953010279	0.1732745961820852	0.2129221732745961	0.2466960352422908
0.487518355359765	0.1116005873715125	0.0983847283406755	0.3024963289280471
1.0	0.0	0.0	0.0
1.0	0.0	0.0	0.0
1.0	0.0	0.0	0.0
0.0	0.0	0.0	1.0
0.4126284875183553	0.1336270190895741	0.1659324522760646	0.2878120411160059
URL https://hocomoco13.autosome.org/motif/AHCTF1.H13CORE.0.B.B

MOTIF AHR.H13CORE.0.P.B
letter-probability matrix: alength= 4 w= 10 nsites= 1003
0.1754735792622134	0.3060817547357926	0.390827517447657	0.127617148554337
0.1874376869391824	0.3619142572283151	0.1515453639082752	0.2991026919242273
0.1016949152542373	0.1326021934197408	0.3758723828514456	0.3898305084745763
0.1176470588235294	0.0588235294117647	0.0907278165503489	0.732801595214357
0.0079760717846461	0.0667996011964108	0.8414755732801595	0.0837487537387837
0.0029910269192423	0.9830508474576272	0.0009970089730808	0.0129611166500499
0.0089730807577268	0.0019940179461615	0.9830508474576272	0.0059820538384846
0.0019940179461615	0.0	0.0	0.9980059820538385
0.0009970089730808	0.0	0.9990029910269193	0.0
0.1475573280159521	0.7477567298105683	0.0079760717846461	0.0967098703888335
URL https://hocomoco13.autosome.org/motif/AHR.H13CORE.0.P.B

MOTIF AHRR.H13CORE.0.P.C
letter-probability matrix: alength= 4 w= 11 nsites= 1002
0.0728542914171657	0.1417165668662675	0.2704590818363273	0.5149700598802395
0.1167664670658683	0.1317365269461078	0.0708582834331337	0.6806387225548902
0.029940119760479	0.0968063872255489	0.7465069860279442	0.1267465069860279
0.0149700598802395	0.9481037924151696	0.0049900199600798	0.031936127744511
0.0878243512974052	0.0129740518962076	0.8942115768463074	0.0049900199600798
0.0039920159680639	0.000998003992016	0.0	0.9950099800399201
0.0	0.0	0.9610778443113772	0.0389221556886228
0.2445109780439121	0.6207584830339321	0.0049900199600798	0.1297405189620758
0.1656686626746507	0.4241516966067864	0.3223552894211577	0.0878243512974052
0.6467065868263473	0.0359281437125749	0.1217564870259481	0.1956087824351297
0.2914171656686627	0.1586826347305389	0.3872255489021956	0.1626746506986028
URL https://hocomoco13.autosome.org/motif/AHRR.H13CORE.0.P.C

MOTIF ALX1.H13CORE.0.SM.B
letter-probability matrix: alength= 4 w= 20 nsites= 7125
0.2287719298245614	0.3162105263157895	0.3014736842105263	0.1535438596491228
0.212280701754386	0.2473684210526316	0.3983859649122807	0.1419649122807018
0.0694736842105263	0.4499649122807017	0.2277894736842105	0.2527719298245614
0.0213333333333333	0.0332631578947368	0.0032280701754386	0.9421754385964912
0.9755789473684211	0.000280701754386	0.0227368421052632	0.0014035087719298
1.0	0.0	0.0	0.0
0.000280701754386	0.0112280701754386	0.0004210526315789	0.9880701754385965
0.0	0.1612631578947368	0.0126315789473684	0.8261052631578948
0.6249824561403509	0.0571228070175439	0.1672982456140351	0.1505964912280702
0.4512280701754386	0.0604912280701754	0.4867368421052631	0.0015438596491228
0.784140350877193	0.0474385964912281	0.120280701754386	0.048140350877193
0.008140350877193	0.0263859649122807	0.0213333333333333	0.944140350877193
0.0404210526315789	0.0710175438596491	0.0175438596491228	0.8710175438596491
0.8864561403508772	0.0190877192982456	0.0492631578947368	0.0451929824561404
0.3643508771929825	0.1877894736842105	0.3487719298245614	0.0990877192982456
0.1466666666666667	0.296140350877193	0.2039298245614035	0.3532631578947368
0.1647719298245614	0.239719298245614	0.263719298245614	0.3317894736842105
0.2209122807017544	0.2888421052631579	0.2941754385964912	0.1960701754385965
0.2153684210526316	0.2893333333333333	0.2974736842105263	0.1978245614035088
0.2036491228070176	0.2872982456140351	0.2933333333333333	0.215719298245614
URL https://hocomoco13.autosome.org/motif/ALX1.H13CORE.0.SM.B

MOTIF ALX3.H13CORE.0.SM.B
letter-probability matrix: alength= 4 w= 12 nsites= 8444
0.2776231643770725	0.2354630506868783	0.2596222169587873	0.227291567977262
0.2339531027948839	0.4204760776882994	0.206714827096163	0.1388559924206537
0.2150639507342492	0.3028185693983894	0.44860255802937	0.0335149218379915
0.0232117479867361	0.4658929417337754	0.1229275225011843	0.3879677877783041
0.0	0.0	0.0	1.0
1.0	0.0	0.0	0.0
1.0	0.0	0.0	0.0
0.0	0.0	0.0	1.0
0.0003552818569398	0.016816674561819	0.0129085741354808	0.9699194694457604
0.6072951207958314	0.0275935575556608	0.3498342018000947	0.0152771198484131
0.1485374230222643	0.3232176693510185	0.4089590241591663	0.1192858834675509
0.1961747986736144	0.2757579346281383	0.3103387020369493	0.217728564661298
URL https://hocomoco13.autosome.org/motif/ALX3.H13CORE.0.SM.B

MOTIF ALX3.H13CORE.1.S.B
letter-probability matrix: alength= 4 w= 20 nsites= 1508
0.2330901856763926	0.2954244031830239	0.2874668435013263	0.1840185676392573
0.2521551724137931	0.3350464190981433	0.2594496021220159	0.1533488063660478
0.2075596816976127	0.276525198938992	0.3720159151193634	0.1438992042440318
0.0881962864721485	0.4137931034482759	0.1591511936339522	0.3388594164456233
0.0119363395225464	0.0285145888594164	0.0072944297082228	0.9522546419098143
0.9960212201591512	0.0	0.0039787798408488	0.0
1.0	0.0	0.0	0.0
0.0	0.0	0.0	1.0
0.0	0.0059681697612732	0.0	0.9940318302387268
0.8527851458885941	0.01657824933687	0.1114058355437666	0.0192307692307692
0.4708222811671088	0.0596816976127321	0.4661803713527852	0.003315649867374
0.5855437665782494	0.1458885941644562	0.1518567639257294	0.116710875331565
0.0397877984084881	0.0709549071618037	0.0855437665782493	0.8037135278514589
0.1041114058355438	0.1180371352785146	0.0603448275862069	0.7175066312997348
0.7400530503978779	0.0868700265251989	0.1007957559681698	0.0722811671087533
0.3096816976127321	0.2095490716180371	0.2851458885941645	0.1956233421750663
0.1790450928381963	0.2897877984084881	0.2486737400530504	0.2824933687002653
0.1856763925729443	0.2758620689655172	0.3083554376657825	0.230106100795756
0.1904840848806366	0.3111737400530504	0.3171419098143236	0.1812002652519894
0.1836870026525199	0.3116710875331565	0.2970822281167109	0.2075596816976127
URL https://hocomoco13.autosome.org/motif/ALX3.H13CORE.1.S.B

MOTIF ALX4.H13CORE.0.S.B
letter-probability matrix: alength= 4 w= 20 nsites= 6332
0.2206648768161718	0.1985549589387239	0.4245499052432091	0.1562302590018951
0.1989102969046115	0.1665350600126342	0.5030795957043588	0.1314750473783955
0.0600126342387871	0.3875552747946936	0.2869551484523057	0.2654769425142135
0.0157927984838913	0.0277953253316488	0.0025268477574226	0.9538850284270373
0.9777321541377132	0.0003158559696778	0.0216361339229311	0.0003158559696778
1.0	0.0	0.0	0.0
0.0	0.0009475679090335	0.0	0.9990524320909665
0.0	0.1501895135818067	0.0066329753632344	0.843177511054959
0.602337334175616	0.0660138976626658	0.1762476310802274	0.1554011370814908
0.4458307012002527	0.0363234365129501	0.5178458622867972	0.0
0.8766582438408086	0.0151610865445357	0.0672773215413771	0.0409033480732786
0.0006317119393557	0.016424510423247	0.0086860391661402	0.9742577384712571
0.0339545167403664	0.0495893872394188	0.0063171193935565	0.9101389766266582
0.9444093493367025	0.0069488313329122	0.0279532533164877	0.0206885660138977
0.3556538218572331	0.182406822488945	0.3806064434617814	0.0813329121920404
0.1498736576121289	0.2599494630448516	0.2005685407454201	0.3896083385975995
0.1522425773847126	0.2323120656980417	0.2539481996209728	0.3614971572962729
0.239102969046115	0.3559696778269109	0.2225205306380291	0.182406822488945
0.2133607075173721	0.3730259001895136	0.2228363866077069	0.1907770056854075
0.2069251421351864	0.3482706885660139	0.2212965887555275	0.2235075805432723
URL https://hocomoco13.autosome.org/motif/ALX4.H13CORE.0.S.B

MOTIF ALX4.H13CORE.1.SM.B
letter-probability matrix: alength= 4 w= 13 nsites= 2350
0.3336170212765958	0.1668085106382979	0.2348936170212766	0.2646808510638298
0.3215957446808511	0.3764893617021277	0.2003191489361702	0.1015957446808511
0.2285106382978724	0.2902127659574468	0.4229787234042553	0.0582978723404255
0.0046808510638298	0.4736170212765957	0.0702127659574468	0.4514893617021277
0.0	0.0008510638297872	0.0	0.9991489361702127
1.0	0.0	0.0	0.0
1.0	0.0	0.0	0.0
0.0	0.0021276595744681	0.0	0.997872340425532
0.0025531914893617	0.0931914893617021	0.0557446808510638	0.8485106382978723
0.6463829787234042	0.0302127659574468	0.3110638297872341	0.0123404255319149
0.1927659574468085	0.3285106382978724	0.351063829787234	0.1276595744680851
0.1638297872340425	0.26	0.2982978723404255	0.2778723404255319
0.226063829787234	0.1971276595744681	0.1796808510638298	0.3971276595744681
URL https://hocomoco13.autosome.org/motif/ALX4.H13CORE.1.SM.B

MOTIF ANDR.H13CORE.0.P.B
letter-probability matrix: alength= 4 w= 17 nsites= 1000
0.416	0.018	0.334	0.232
0.12	0.018	0.732	0.13
0.273	0.25	0.248	0.229
0.776	0.051	0.066	0.107
0.004	0.948	0.026	0.022
0.6689999999999999	0.03	0.079	0.222
0.121	0.266	0.34	0.273
0.309	0.201	0.228	0.262
0.264	0.34	0.281	0.115
0.021	0.019	0.003	0.957
0.002	0.002	0.995	0.001
0.008	0.003	0.0	0.989
0.126	0.091	0.094	0.689
0.007	0.979	0.0	0.014
0.004	0.511	0.002	0.483
0.162	0.252	0.183	0.403
0.167	0.128	0.31	0.395
URL https://hocomoco13.autosome.org/motif/ANDR.H13CORE.0.P.B

MOTIF ANDR.H13CORE.1.S.C
letter-probability matrix: alength= 4 w= 8 nsites= 6603
0.3273890655762532	0.1524685748902014	0.3528320460396789	0.1673103134938664
0.0160154475238528	0.1193018325003786	0.0141980917764652	0.8504846281993034
0.036347114947751	0.0018173557473876	0.9571406936241103	0.0046948356807512
0.0	0.0	0.0	1.0
0.3154626684840224	0.0	0.0	0.6845373315159776
0.0	1.0	0.0	0.0
0.1278206875662578	0.4826593972436771	0.1588671815841284	0.2306527336059367
0.1810162047554142	0.3103513554444949	0.1578449189762229	0.3507875208238679
URL https://hocomoco13.autosome.org/motif/ANDR.H13CORE.1.S.C

MOTIF ANDR.H13CORE.2.P.B
letter-probability matrix: alength= 4 w= 19 nsites= 1004
0.1444223107569721	0.0786852589641434	0.1095617529880478	0.6673306772908367
0.0707171314741036	0.0776892430278884	0.75199203187251	0.099601593625498
0.087898406374502	0.0998505976095617	0.0530378486055777	0.7592131474103585
0.1765438247011952	0.1994521912350598	0.1496513944223107	0.4743525896414343
0.0739541832669323	0.737300796812749	0.037101593625498	0.1516434262948207
0.1038346613545817	0.384711155378486	0.0500498007968127	0.4614043824701195
0.1735557768924303	0.2133964143426295	0.2124003984063745	0.4006474103585657
0.1835159362549801	0.2243525896414343	0.2482569721115538	0.3438745019920318
0.2014442231075697	0.2094123505976096	0.2651892430278884	0.3239541832669323
0.1974601593625498	0.3149900398406374	0.1526394422310757	0.3349103585657371
0.0620019920318725	0.0211653386454183	0.0331175298804781	0.883715139442231
0.1825199203187251	0.0520418326693227	0.7562250996015936	0.0092131474103586
0.0331175298804781	0.0480577689243028	0.0171812749003984	0.9016434262948207
0.0171812749003984	0.0251494023904382	0.1436752988047809	0.8139940239043825
0.0201693227091633	0.0141932270916335	0.1078187250996016	0.8578187250996016
0.388695219123506	0.0679780876494024	0.5022410358565738	0.0410856573705179
0.0639940239043825	0.6406872509960159	0.0410856573705179	0.2542330677290837
0.3269422310756972	0.1825199203187251	0.0649900398406374	0.4255478087649402
0.0839143426294821	0.287101593625498	0.1715637450199203	0.4574203187250996
URL https://hocomoco13.autosome.org/motif/ANDR.H13CORE.2.P.B

MOTIF AP2A.H13CORE.0.PSM.A
letter-probability matrix: alength= 4 w= 15 nsites= 9912
0.2627370863599677	0.1439921307506053	0.2501261097659403	0.3431446731234867
0.1606386198547216	0.2496216707021792	0.1660865617433414	0.4236531476997579
0.0153349475383374	0.0991727199354318	0.8751008878127522	0.0103914447134786
0.0001008878127522	0.9993946731234867	0.0004035512510089	0.0001008878127522
0.0001008878127522	0.9858757062146892	0.0	0.0140234059725585
0.0007062146892655	0.1315577078288943	0.0304681194511703	0.8372679580306699
0.0311743341404358	0.4152542372881356	0.5144269572235673	0.0391444713478612
0.743543179983858	0.0214891041162228	0.2342615012106538	0.0007062146892655
0.0444915254237288	0.0	0.9555084745762712	0.0
0.0001008878127522	0.0	0.9998991121872478	0.0
0.0057506053268765	0.4601493139628733	0.5271388216303471	0.0069612590799032
0.1471953188054883	0.4264527845036319	0.306093623890234	0.1202582728006457
0.6187449556093624	0.0450968523002421	0.1859362389023406	0.1502219531880549
0.2214235270379338	0.1952935835351089	0.1136753430185634	0.4696075464083939
0.2608202179176756	0.1719380548829701	0.34375	0.2234917271993543
URL https://hocomoco13.autosome.org/motif/AP2A.H13CORE.0.PSM.A

MOTIF AP2B.H13CORE.0.SM.B
letter-probability matrix: alength= 4 w= 18 nsites= 9846
0.5505789152955515	0.1189315458054032	0.1574243347552305	0.1730652041438147
0.3521480804387568	0.1308399349989844	0.1581606743855373	0.3588513101767215
0.291285801340646	0.2500507820434694	0.178651228925452	0.2800121876904327
0.0360552508632947	0.2606134470851107	0.6692057688401382	0.0341255332114564
0.0158439975624619	0.9446475726183221	0.0199065610400163	0.0196018687791997
0.0147267926061345	0.8949827341052204	0.0196018687791997	0.0706886045094455
0.0165549461710339	0.2511679869997969	0.1116189315458054	0.6206581352833638
0.1065407271988625	0.3777168393256145	0.4197643713183019	0.0959780621572212
0.5809465772902701	0.0778996546821044	0.3359739995937436	0.0051797684338818
0.063883810684542	0.0019297176518383	0.931850497664026	0.0023359739995937
0.0080235628681698	0.0049766402600041	0.9812106439163112	0.0057891529555149
0.0256957139955312	0.4663822872232379	0.4699370302660979	0.037984968515133
0.2039406865732277	0.3256144627259801	0.2730042656916514	0.1974405850091408
0.5640869388584197	0.0915092423319114	0.1719479991874873	0.1724558196221816
0.2595978062157221	0.1486898232784887	0.1081657525898842	0.4835466179159049
0.2890513914279911	0.1101970343286614	0.1801746902295348	0.4205768840138127
0.220724151939874	0.1788797481210644	0.1470901889092017	0.4533059110298598
0.2573633963030673	0.2027219175299614	0.2176518383099736	0.3222628478569978
URL https://hocomoco13.autosome.org/motif/AP2B.H13CORE.0.SM.B

MOTIF AP2C.H13CORE.0.PSM.A
letter-probability matrix: alength= 4 w= 15 nsites= 9683
0.3680935660435815	0.1542135701745327	0.2364194980894351	0.2412733656924507
0.3413972942269958	0.1815294846638439	0.1577765155427037	0.3192967055664567
0.570174532686151	0.058039863678612	0.1558401321904369	0.2159454714448002
0.234534751626562	0.0813797376846019	0.0574202210058866	0.6266652896829495
0.1757719714964371	0.295672828668801	0.2339151089538366	0.2946400908809254
0.0066095218424042	0.317566869771765	0.6703500981100898	0.005473510275741
0.0005163688939378	0.9988639884333368	0.0002065475575751	0.0004130951151503
0.0	0.9998967262212124	0.0	0.0001032737787876
0.0003098213363627	0.2015904161933285	0.0095011876484561	0.7885985748218527
0.0554580192089229	0.4244552308168956	0.4620468862955696	0.058039863678612
0.6294536817102138	0.0829288443664154	0.2825570587627801	0.0050604151605907
0.0809666425694516	0.0060931529484664	0.9083961582154291	0.0045440462666529
0.0100175565423939	0.0081586285242177	0.9728389961788702	0.0089848187545182
0.0363781885779201	0.4859289476401942	0.4226221212434163	0.0550707425384695
0.2010740472993907	0.3142621088505628	0.2612826603325415	0.2233811835175049
URL https://hocomoco13.autosome.org/motif/AP2C.H13CORE.0.PSM.A

MOTIF AP2E.H13CORE.0.SM.B
letter-probability matrix: alength= 4 w= 16 nsites= 9965
0.3034370296036126	0.2079026593075765	0.2296788760662318	0.258981435022579
0.2764676367285499	0.1059708981435023	0.1902659307576518	0.427295534370296
0.150627195183141	0.1921726041144004	0.1522328148519819	0.5049673858504766
0.0188660311088811	0.1603612644254892	0.8063221274460612	0.0144505770195685
0.0003010536879077	0.9991971901655795	0.0004014049172102	0.0001003512293026
0.0001003512293026	0.9901655795283493	0.000903161063723	0.0088309081786252
0.000903161063723	0.0988459608630206	0.0006021073758154	0.8996487706974411
0.0537882589061716	0.4429503261414952	0.4335173105870547	0.0697441043652785
0.8555945810336176	0.0035122930255896	0.1405920722528851	0.0003010536879077
0.0665328650275966	0.0003010536879077	0.9328650275965881	0.0003010536879077
0.0006021073758154	0.0003010536879077	0.9985950827897642	0.0005017561465128
0.017059708981435	0.3272453587556448	0.6489713998996488	0.0067235323632714
0.1209232313095835	0.5886603110888108	0.1296537882589062	0.1607626693426994
0.5742097340692424	0.0591068740592072	0.2806823883592574	0.086001003512293
0.2514049172102358	0.209959859508279	0.0736828901154039	0.4649523331660813
0.314550928248871	0.1525840441545409	0.3017059708981435	0.2311590566984446
URL https://hocomoco13.autosome.org/motif/AP2E.H13CORE.0.SM.B

MOTIF ARGFX.H13CORE.0.SM.B
letter-probability matrix: alength= 4 w= 15 nsites= 849
0.227620730270907	0.3312720848056537	0.2052414605418139	0.2358657243816255
0.3542402826855124	0.2293875147232038	0.3071260306242639	0.10924617196702
0.0848056537102474	0.480565371024735	0.0789163722025913	0.3557126030624264
0.0023557126030624	0.0011778563015312	0.0	0.9964664310954063
0.9988221436984688	0.0011778563015312	0.0	0.0
1.0	0.0	0.0	0.0
0.0	0.0011778563015312	0.0	0.9988221436984688
0.0	0.0	0.0	1.0
0.9210836277974087	0.0070671378091873	0.0683156654888104	0.0035335689045936
0.4299175500588928	0.1036513545347468	0.4558303886925795	0.0106007067137809
0.5653710247349824	0.2391048292108363	0.1166077738515901	0.0789163722025913
0.0506478209658422	0.2497055359246172	0.0800942285041225	0.6195524146054181
0.1001177856301531	0.1260306242638398	0.0906949352179034	0.6831566548881036
0.673733804475854	0.1342756183745583	0.0624263839811543	0.1295641931684335
0.3875147232037691	0.1719670200235571	0.2402826855123675	0.2002355712603062
URL https://hocomoco13.autosome.org/motif/ARGFX.H13CORE.0.SM.B

MOTIF ARI1A.H13CORE.0.P.C
letter-probability matrix: alength= 4 w= 11 nsites= 1001
0.0789210789210789	0.038961038961039	0.0769230769230769	0.8051948051948052
0.001998001998002	0.007992007992008	0.003996003996004	0.986013986013986
0.005994005994006	0.022977022977023	0.005994005994006	0.965034965034965
0.044955044955045	0.0689310689310689	0.017982017982018	0.8681318681318682
0.964035964035964	0.016983016983017	0.013986013986014	0.004995004995005
0.017982017982018	0.013986013986014	0.005994005994006	0.962037962037962
0.1708291708291708	0.000999000999001	0.2857142857142857	0.5424575424575424
0.2517482517482518	0.01998001998002	0.6653346653346653	0.0629370629370629
0.024975024975025	0.3386613386613387	0.4925074925074925	0.1438561438561439
0.2657342657342657	0.3306693306693306	0.1088911088911089	0.2947052947052947
0.2047952047952048	0.1818181818181818	0.1228771228771229	0.4905094905094905
URL https://hocomoco13.autosome.org/motif/ARI1A.H13CORE.0.P.C

MOTIF ARNT.H13CORE.0.P.B
letter-probability matrix: alength= 4 w= 9 nsites= 1000
0.201	0.263	0.481	0.055
0.129	0.067	0.271	0.533
0.824	0.014	0.159	0.003
0.003	0.973	0.002	0.022
0.011	0.004	0.985	0.0
0.001	0.0	0.001	0.998
0.0	0.0	0.999	0.001
0.322	0.538	0.055	0.085
0.167	0.43	0.202	0.201
URL https://hocomoco13.autosome.org/motif/ARNT.H13CORE.0.P.B

MOTIF ARNT.H13CORE.1.P.B
letter-probability matrix: alength= 4 w= 19 nsites= 1001
0.1898101898101898	0.2467532467532468	0.5064935064935064	0.0569430569430569
0.1278721278721279	0.0669330669330669	0.2847152847152847	0.5204795204795205
0.7852147852147853	0.027972027972028	0.1818181818181818	0.004995004995005
0.00999000999001	0.939060939060939	0.005994005994006	0.044955044955045
0.03996003996004	0.001998001998002	0.958041958041958	0.0
0.001998001998002	0.0	0.000999000999001	0.997002997002997
0.0	0.0	0.999000999000999	0.000999000999001
0.3376623376623377	0.4755244755244755	0.0609390609390609	0.1258741258741259
0.1428571428571429	0.4495504495504495	0.2347652347652348	0.1728271728271728
0.2177822177822178	0.2197802197802198	0.2217782217782218	0.3406593406593407
0.2127872127872128	0.2087912087912088	0.4145854145854146	0.1638361638361638
0.2167832167832168	0.2727272727272727	0.2827172827172827	0.2277722277722277
0.1918081918081918	0.2937062937062937	0.3446553446553446	0.1698301698301698
0.2177822177822178	0.1718281718281718	0.3916083916083916	0.2187812187812188
0.1118881118881119	0.2507492507492508	0.4275724275724276	0.2097902097902098
0.1018981018981019	0.6403596403596403	0.1488511488511488	0.1088911088911089
0.4975024975024975	0.1768231768231768	0.2147852147852148	0.1108891108891109
0.1298701298701299	0.4845154845154845	0.2007992007992008	0.1848151848151848
0.3096903096903097	0.1408591408591409	0.4565434565434566	0.0929070929070929
URL https://hocomoco13.autosome.org/motif/ARNT.H13CORE.1.P.B

MOTIF ARNT2.H13CORE.0.P.B
letter-probability matrix: alength= 4 w= 13 nsites= 989
0.4438827098078867	0.0940343781597573	0.2194135490394338	0.2426693629929221
0.0141557128412538	0.7462082912032356	0.019211324570273	0.2204246713852376
0.0333670374115268	0.0465116279069767	0.9079878665318504	0.0121334681496461
0.0010111223458038	0.0040444893832154	0.0070778564206269	0.9878665318503539
0.0010111223458038	0.0030333670374115	0.9898887765419616	0.006066734074823
0.4307381193124368	0.4560161779575329	0.0434782608695652	0.0697674418604651
0.0950455005055612	0.5237613751263903	0.1183013144590495	0.262891809908999
0.1304347826086957	0.2750252780586451	0.0990899898887765	0.4954499494438827
0.2022244691607685	0.1021233569261881	0.3518705763397371	0.3437815975733064
0.0596562184024267	0.2143579373104146	0.6127401415571284	0.1132457027300303
0.3326592517694641	0.3822042467138524	0.2214357937310415	0.0637007077856421
0.4661274014155713	0.2214357937310415	0.1617795753286148	0.1506572295247725
0.1435793731041456	0.1253791708796764	0.2457027300303337	0.4853387259858443
URL https://hocomoco13.autosome.org/motif/ARNT2.H13CORE.0.P.B

MOTIF ARNT2.H13CORE.1.P.B
letter-probability matrix: alength= 4 w= 11 nsites= 1002
0.2065868263473054	0.2774451097804391	0.3323353293413173	0.1836327345309381
0.1756487025948104	0.1497005988023952	0.6367265469061876	0.0379241516966068
0.1317365269461078	0.2085828343313373	0.3962075848303393	0.2634730538922156
0.6007984031936128	0.0179640718562874	0.2524950099800399	0.1287425149700599
0.0159680638722555	0.9750499001996008	0.000998003992016	0.0079840319361278
0.0089820359281437	0.0039920159680639	0.9750499001996008	0.0119760479041916
0.0	0.0	0.0019960079840319	0.998003992015968
0.0019960079840319	0.000998003992016	0.9960079840319361	0.000998003992016
0.2674650698602795	0.5958083832335329	0.0538922155688623	0.0828343313373253
0.0578842315369262	0.4700598802395209	0.2265469061876247	0.2455089820359281
0.0908183632734531	0.3842315369261477	0.2165668662674651	0.3083832335329342
URL https://hocomoco13.autosome.org/motif/ARNT2.H13CORE.1.P.B

MOTIF ARNT2.H13CORE.2.S.C
letter-probability matrix: alength= 4 w= 12 nsites= 8586
0.2610062893081761	0.2874446773817843	0.2419054274400186	0.209643605870021
0.1279699510831586	0.1010656883298393	0.4469776380153739	0.3239867225716282
0.0	1.0	0.0	0.0
1.0	0.0	0.0	0.0
0.0	1.0	0.0	0.0
0.0	0.0	1.0	0.0
0.0	0.0	0.0	1.0
0.0	0.0	1.0	0.0
1.0	0.0	0.0	0.0
0.0257395760540415	0.6107617051013278	0.1328907523876077	0.2306079664570231
0.2423421849522479	0.3137374796179828	0.1581353365944561	0.2857849988353133
0.2520090845562544	0.2753028185418123	0.2177672955974843	0.2549208013044491
URL https://hocomoco13.autosome.org/motif/ARNT2.H13CORE.2.S.C

MOTIF ARX.H13CORE.0.S.B
letter-probability matrix: alength= 4 w= 18 nsites= 6919
0.4298309004191357	0.1630293394999277	0.198439080792022	0.2087006792889146
0.1468058968058968	0.2650310738546033	0.1426145396733632	0.4455484896661367
0.0396010984246278	0.0132967191790721	0.00881630293395	0.9382858794623501
0.9300476947535771	0.00881630293395	0.0488509900274606	0.0122850122850123
0.937129643011996	0.0160427807486631	0.0433588668882787	0.0034687093510623
0.0335308570602688	0.0609914727561786	0.0368550368550369	0.8686226333285156
0.0007226477814713	0.5031073854603266	0.0271715565833213	0.4689984101748808
0.1637519872813991	0.1492990316519728	0.0544876427229368	0.6324613383436913
0.8365370718311895	0.0007226477814713	0.1627402803873392	0.0
0.9992773522185286	0.0	0.0007226477814713	0.0
0.0	0.0	0.0	1.0
0.0	0.002746061569591	0.0	0.997253938430409
0.9835236305824541	0.0002890591125885	0.0151756034108975	0.0010117068940598
0.3623355976297153	0.0877294406706171	0.5395288336464807	0.0104061280531869
0.0901864431276196	0.3381991617285735	0.1683769330828154	0.4032374620609915
0.1809510044804162	0.2293684058389941	0.2459893048128342	0.3436912848677555
0.372091342679578	0.2197571903454257	0.1905622199739847	0.2175892470010117
0.3241436623789565	0.2143011995953172	0.208664546899841	0.2528905911258852
URL https://hocomoco13.autosome.org/motif/ARX.H13CORE.0.S.B

MOTIF ARX.H13CORE.1.SM.B
letter-probability matrix: alength= 4 w= 12 nsites= 8668
0.2448373327180434	0.2726407475772958	0.2506056760498385	0.2319162436548223
0.1181356714351638	0.3111444393170282	0.2964928472542686	0.2742270419935395
0.0473004153207199	0.3470235348407937	0.0632210429164744	0.542455006922012
0.7418089524688509	0.055376095985233	0.199238578680203	0.003576372865713
1.0	0.0	0.0	0.0
0.0	0.0	0.0	1.0
0.0	0.0	0.0	1.0
1.0	0.0	0.0	0.0
0.2577295800646054	0.0785648361790494	0.66047531149054	0.0032302722658053
0.0724503922473466	0.3767881864328565	0.3001845869866174	0.2505768343331795
0.1138959390862944	0.2173800184586987	0.3873154130133826	0.2814086294416244
0.2322335025380711	0.2459621596677434	0.2236963544070143	0.2981079833871712
URL https://hocomoco13.autosome.org/motif/ARX.H13CORE.1.SM.B

MOTIF ASCL1.H13CORE.0.PSM.A
letter-probability matrix: alength= 4 w= 11 nsites= 9507
0.2779793836120753	0.2064531397917324	0.3129010203008309	0.2026664562953613
0.3252603344903755	0.2690911959608709	0.314952140528032	0.0906963290207216
0.0286104975281372	0.9151151782896813	0.0219838014094877	0.0342905227726938
0.9615020511202272	0.008520037866835	0.004207426107079	0.0257704849058588
0.0002103713053539	0.1289576101819712	0.6507836331124435	0.2200483854002314
0.0005259282633849	0.9994740717366152	0.0	0.0
0.0	0.000105185652677	0.0	0.9998948143473231
0.0014725991374776	0.0058903965499106	0.9830651099190071	0.0095718943936047
0.0185126748711476	0.7450299779110129	0.0313453244977385	0.205112022720101
0.1096560429157463	0.3005680025244556	0.1014515620069422	0.4883243925528558
0.2269643420637425	0.2939676028189755	0.224860629010203	0.254207426107079
URL https://hocomoco13.autosome.org/motif/ASCL1.H13CORE.0.PSM.A

MOTIF ASCL2.H13CORE.0.PSM.A
letter-probability matrix: alength= 4 w= 9 nsites= 982
0.3085539714867617	0.3258655804480652	0.3217922606924644	0.0437881873727088
0.0020366598778004	0.9959266802443992	0.0	0.0020366598778004
0.9877800407331976	0.0071283095723014	0.0010183299389002	0.0040733197556008
0.0081466395112016	0.2983706720977597	0.6323828920570265	0.0610997963340122
0.0030549898167006	0.9816700610997964	0.0122199592668024	0.0030549898167006
0.0040733197556008	0.0040733197556008	0.0	0.9918533604887984
0.0040733197556008	0.0122199592668024	0.9786150712830958	0.005091649694501
0.005091649694501	0.8716904276985743	0.0274949083503055	0.0957230142566191
0.1293279022403259	0.3258655804480652	0.010183299389002	0.5346232179226069
URL https://hocomoco13.autosome.org/motif/ASCL2.H13CORE.0.PSM.A

MOTIF ATF1.H13CORE.0.P.B
letter-probability matrix: alength= 4 w= 10 nsites= 981
0.3149847094801223	0.1539245667686035	0.3761467889908257	0.1549439347604485
0.3802242609582059	0.0897043832823649	0.5158002038735984	0.0142711518858308
0.0499490316004077	0.1141692150866463	0.0254841997961264	0.8103975535168196
0.018348623853211	0.017329255861366	0.9337410805300713	0.0305810397553517
0.926605504587156	0.0163098878695209	0.0428134556574924	0.0142711518858308
0.017329255861366	0.9123343527013252	0.0193679918450561	0.0509683995922528
0.0336391437308869	0.0142711518858308	0.90927624872579	0.0428134556574924
0.0632008154943935	0.3659531090723752	0.0519877675840979	0.5188583078491336
0.3241590214067279	0.4209989806320082	0.1732925586136596	0.0815494393476045
0.5259938837920489	0.1549439347604485	0.1977573904179409	0.1213047910295617
URL https://hocomoco13.autosome.org/motif/ATF1.H13CORE.0.P.B

MOTIF ATF1.H13CORE.1.P.B
letter-probability matrix: alength= 4 w= 19 nsites= 113
0.0176991150442478	0.1415929203539823	0.7256637168141593	0.1150442477876106
0.0265486725663717	0.8141592920353983	0.0884955752212389	0.0707964601769911
0.0265486725663717	0.1504424778761062	0.7433628318584071	0.079646017699115
0.1327433628318584	0.7345132743362832	0.0619469026548673	0.0707964601769911
0.168141592920354	0.2566371681415929	0.3982300884955752	0.1769911504424779
0.1061946902654867	0.4247787610619469	0.2654867256637168	0.2035398230088496
0.2654867256637168	0.2566371681415929	0.2389380530973451	0.2389380530973451
0.1327433628318584	0.4070796460176991	0.336283185840708	0.1238938053097345
0.1946902654867257	0.2654867256637168	0.0442477876106195	0.495575221238938
0.1946902654867257	0.1504424778761062	0.4247787610619469	0.2300884955752212
0.6194690265486725	0.079646017699115	0.2212389380530974	0.079646017699115
0.0265486725663717	0.0707964601769911	0.0442477876106195	0.8584070796460177
0.0442477876106195	0.0	0.8230088495575221	0.1327433628318584
0.9026548672566371	0.0176991150442478	0.0619469026548673	0.0176991150442478
0.0176991150442478	0.9469026548672567	0.0088495575221239	0.0265486725663717
0.0353982300884956	0.0265486725663717	0.9292035398230089	0.0088495575221239
0.0442477876106195	0.247787610619469	0.0	0.7079646017699115
0.336283185840708	0.5752212389380531	0.0619469026548673	0.0265486725663717
0.6460176991150443	0.1327433628318584	0.1327433628318584	0.0884955752212389
URL https://hocomoco13.autosome.org/motif/ATF1.H13CORE.1.P.B

MOTIF ATF2.H13CORE.0.PSM.A
letter-probability matrix: alength= 4 w= 11 nsites= 981
0.2935779816513762	0.0866462793068298	0.5331294597349643	0.0866462793068298
0.6503567787971457	0.0091743119266055	0.3353720693170234	0.0050968399592253
0.0030581039755352	0.0010193679918451	0.0020387359836901	0.9938837920489296
0.0010193679918451	0.0010193679918451	0.9887869520897044	0.0091743119266055
0.9908256880733946	0.0010193679918451	0.0010193679918451	0.0071355759429154
0.0010193679918451	0.655453618756371	0.035677879714577	0.3078491335372069
0.0010193679918451	0.0030581039755352	0.9949031600407747	0.0010193679918451
0.0061162079510703	0.0122324159021407	0.0020387359836901	0.9796126401630989
0.2018348623853211	0.7869520897043834	0.0071355759429154	0.0040774719673802
0.9673802242609582	0.0030581039755352	0.0163098878695209	0.0132517838939857
0.0295616717635066	0.2691131498470948	0.1712538226299694	0.5300713557594291
URL https://hocomoco13.autosome.org/motif/ATF2.H13CORE.0.PSM.A

MOTIF ATF2.H13CORE.1.P.B
letter-probability matrix: alength= 4 w= 11 nsites= 986
0.3529411764705882	0.1024340770791075	0.3914807302231237	0.1531440162271805
0.7991886409736308	0.0060851926977688	0.1866125760649087	0.0081135902636917
0.0081135902636917	0.0070993914807302	0.0020283975659229	0.9827586206896551
0.0091277890466531	0.0020283975659229	0.9685598377281948	0.0202839756592292
0.9888438133874239	0.0030425963488844	0.0060851926977688	0.0020283975659229
0.0060851926977688	0.2565922920892495	0.0496957403651116	0.6876267748478702
0.0081135902636917	0.0010141987829615	0.9827586206896551	0.0081135902636917
0.0141987829614604	0.0081135902636917	0.0010141987829615	0.9766734279918864
0.1622718052738337	0.8245436105476673	0.0101419878296146	0.0030425963488844
0.9807302231237323	0.0030425963488844	0.0101419878296146	0.0060851926977688
0.013184584178499	0.1227180527383367	0.0608519269776876	0.8032454361054766
URL https://hocomoco13.autosome.org/motif/ATF2.H13CORE.1.P.B

MOTIF ATF3.H13CORE.0.P.B
letter-probability matrix: alength= 4 w= 10 nsites= 901
0.1842397336293008	0.2197558268590455	0.3285238623751387	0.267480577136515
0.1664816870144284	0.1731409544950056	0.5416204217536071	0.1187569367369589
0.4472807991120977	0.1809100998890122	0.3607103218645949	0.0110987791342952
0.002219755826859	0.002219755826859	0.0011098779134295	0.9944506104328524
0.0011098779134295	0.0077691453940067	0.9800221975582686	0.0110987791342952
0.9877913429522752	0.0011098779134295	0.0033296337402886	0.0077691453940067
0.0	0.8401775804661487	0.0055493895671476	0.1542730299667036
0.0122086570477247	0.0011098779134295	0.1687014428412874	0.8179800221975583
0.0677025527192009	0.8945615982241953	0.0033296337402886	0.0344062153163152
0.9655937846836848	0.025527192008879	0.0055493895671476	0.0033296337402886
URL https://hocomoco13.autosome.org/motif/ATF3.H13CORE.0.P.B

MOTIF ATF3.H13CORE.1.P.B
letter-probability matrix: alength= 4 w= 10 nsites= 1003
0.2342971086739781	0.0997008973080758	0.5074775672981057	0.1585244267198405
0.2981056829511465	0.0488534396809571	0.6450648055832503	0.0079760717846461
0.0119641076769691	0.0139581256231306	0.0129611166500499	0.9611166500498505
0.003988035892323	0.2821535393818544	0.7038883349950149	0.0099700897308076
0.8873379860418744	0.0099700897308076	0.0857427716849452	0.0169491525423729
0.0129611166500499	0.8235294117647058	0.0089730807577268	0.1545363908275174
0.0358923230309073	0.0089730807577268	0.7298105682951147	0.2253240279162513
0.0438683948155533	0.4037886340977069	0.0079760717846461	0.5443668993020937
0.4516450648055833	0.1954137587238285	0.3200398803589232	0.032901296111665
0.5084745762711864	0.1146560319042871	0.2482552342971087	0.1286141575274178
URL https://hocomoco13.autosome.org/motif/ATF3.H13CORE.1.P.B

MOTIF ATF3.H13CORE.2.P.B
letter-probability matrix: alength= 4 w= 12 nsites= 772
0.172279792746114	0.0647668393782383	0.7292746113989637	0.0336787564766839
0.6917098445595854	0.0479274611398964	0.2590673575129533	0.0012953367875648
0.0	0.0	0.0	1.0
0.0	0.0012953367875648	0.9987046632124352	0.0
1.0	0.0	0.0	0.0
0.0012953367875648	0.5181347150259067	0.0103626943005181	0.4702072538860104
0.0012953367875648	0.0025906735751295	0.854922279792746	0.1411917098445596
0.055699481865285	0.5077720207253886	0.0	0.4365284974093264
0.6437823834196892	0.3549222797927461	0.0	0.0012953367875648
0.8911917098445595	0.038860103626943	0.0129533678756477	0.0569948186528497
0.0116580310880829	0.4170984455958549	0.116580310880829	0.4546632124352332
0.2590673575129533	0.4158031088082901	0.1450777202072539	0.1800518134715026
URL https://hocomoco13.autosome.org/motif/ATF3.H13CORE.2.P.B

MOTIF ATF3.H13CORE.3.SM.B
letter-probability matrix: alength= 4 w= 15 nsites= 2272
0.2946742957746479	0.2422975352112676	0.2973151408450704	0.1657130281690141
0.3518926056338028	0.2088468309859155	0.3417693661971831	0.0974911971830986
0.0845070422535211	0.2491197183098592	0.128080985915493	0.5382922535211268
0.0928697183098592	0.0321302816901408	0.7592429577464789	0.1157570422535211
0.8463908450704225	0.0123239436619718	0.1412852112676056	0.0
0.0	0.0026408450704225	0.0008802816901408	0.9964788732394366
0.0	0.0	0.9889964788732394	0.0110035211267606
1.0	0.0	0.0	0.0
0.0	0.8798415492957746	0.0008802816901408	0.1192781690140845
0.1654929577464789	0.0066021126760563	0.827024647887324	0.0008802816901408
0.0013204225352113	0.0022007042253521	0.0004401408450704	0.9960387323943662
0.1100352112676056	0.8794014084507042	0.0057218309859155	0.0048415492957746
0.9757922535211268	0.0048415492957746	0.0149647887323944	0.0044014084507042
0.0139744718309859	0.3387984154929577	0.090118838028169	0.5571082746478874
0.1843089788732394	0.3555237676056338	0.1847491197183098	0.2754181338028169
URL https://hocomoco13.autosome.org/motif/ATF3.H13CORE.3.SM.B

MOTIF ATF4.H13CORE.0.P.B
letter-probability matrix: alength= 4 w= 13 nsites= 1000
0.361	0.094	0.422	0.123
0.241	0.146	0.49	0.123
0.5750000000000001	0.301	0.122	0.002
0.004	0.003	0.0	0.993
0.002	0.009	0.982	0.007
0.976	0.005	0.01	0.009
0.003	0.069	0.012	0.916
0.002	0.005	0.992	0.001
0.108	0.817	0.0	0.075
0.993	0.005	0.0	0.002
0.997	0.001	0.002	0.0
0.016	0.298	0.093	0.593
0.373	0.377	0.12	0.13
URL https://hocomoco13.autosome.org/motif/ATF4.H13CORE.0.P.B

MOTIF ATF4.H13CORE.1.S.B
letter-probability matrix: alength= 4 w= 12 nsites= 1945
0.2034704370179949	0.2651670951156813	0.3433161953727507	0.1880462724935733
0.5241645244215938	0.3041131105398457	0.1329048843187661	0.0388174807197943
0.042159383033419	0.0390745501285347	0.029305912596401	0.8894601542416453
0.0452442159383033	0.0329048843187661	0.8663239074550129	0.0555269922879177
0.9455012853470437	0.0200514138817481	0.012853470437018	0.0215938303341902
0.0020565552699229	0.5408740359897172	0.0005141388174807	0.4565552699228792
0.0020565552699229	0.0010282776349614	0.9953727506426735	0.0015424164524422
0.0375321336760925	0.7496143958868895	0.009254498714653	0.203598971722365
0.9177377892030848	0.0323907455012853	0.0267352185089974	0.0231362467866324
0.9017994858611825	0.0210796915167095	0.0416452442159383	0.0354755784061697
0.038560411311054	0.2915167095115681	0.1403598971722365	0.5295629820051414
0.3556555269922879	0.2934447300771208	0.1834190231362468	0.1674807197943445
URL https://hocomoco13.autosome.org/motif/ATF4.H13CORE.1.S.B

MOTIF ATF4.H13CORE.2.SM.B
letter-probability matrix: alength= 4 w= 17 nsites= 2469
0.2773390036452005	0.204840016200891	0.2360267314702309	0.2817942486836776
0.3691778047792629	0.1464155528554071	0.1464155528554071	0.3379910895099231
0.2426083434588902	0.0340218712029162	0.551640340218712	0.1717294451194816
0.0749291211016606	0.0255164034021871	0.791413527744026	0.1081409477521264
0.627379505872823	0.3272579991899555	0.044147428108546	0.0012150668286756
0.0032401782098015	0.0032401782098015	0.0024301336573512	0.9910895099230458
0.0024301336573512	0.0028351559335763	0.9935196435803969	0.0012150668286756
0.9995949777237748	0.0004050222762252	0.0	0.0
0.0	0.7217496962332929	0.0	0.2782503037667072
0.0024301336573512	0.0	0.9975698663426489	0.0
0.0056703118671527	0.0024301336573512	0.0004050222762252	0.991494532199271
0.0040502227622519	0.9923045767517213	0.0012150668286756	0.0024301336573512
0.9947347104090725	0.0008100445524504	0.0024301336573512	0.002025111381126
0.0052652895909275	0.0068853786958283	0.0814094775212637	0.9064398541919806
0.1980558930741191	0.5435398946942082	0.0959902794653706	0.1624139327663021
0.2275212636695018	0.3968205751316322	0.0655123531794249	0.3101458080194411
0.2381530984204131	0.2215471850951802	0.1773997569866343	0.3628999594977724
URL https://hocomoco13.autosome.org/motif/ATF4.H13CORE.2.SM.B

MOTIF ATF6A.H13CORE.0.SM.B
letter-probability matrix: alength= 4 w= 15 nsites= 2449
0.2885871784401797	0.2138628011433238	0.2669456921192324	0.2306043282972642
0.1008574928542262	0.1829318089015925	0.1061657819518171	0.6100449162923642
0.073907717435688	0.0338913842384647	0.8566761943650469	0.0355247039608003
0.7692935892200898	0.0628828093099224	0.1653736218864843	0.0024499795835035
0.0	0.0004083299305839	0.0008166598611678	0.9987750102082482
0.0	0.0	1.0	0.0
1.0	0.0	0.0	0.0
0.0	1.0	0.0	0.0
0.0	0.0	1.0	0.0
0.0	0.0	0.0	1.0
0.0085749285422622	0.981625153123724	0.0085749285422622	0.0012249897917517
0.9844834626378114	0.0012249897917517	0.0089832584728461	0.0053082890975908
0.0118415679869334	0.453654552878726	0.0518579011841568	0.4826459779501838
0.2031441404654961	0.3501429154757044	0.2349938750510412	0.2117190690077583
0.2100857492854226	0.2831768068599428	0.2137607186606778	0.2929767251939567
URL https://hocomoco13.autosome.org/motif/ATF6A.H13CORE.0.SM.B

MOTIF ATF6B.H13CORE.0.SM.B
letter-probability matrix: alength= 4 w= 14 nsites= 9665
0.2054319710294878	0.2181583031557165	0.3038282462493533	0.2725814795654423
0.1393171236420072	0.147801345059493	0.1863942058975686	0.5264873254009312
0.1022245214692188	0.0908432488360062	0.6949818934299017	0.1119503362648733
0.5589239524055871	0.0720124159337817	0.3591308846352819	0.0099327470253492
0.0007242628039317	0.0038282462493533	0.0027935851008795	0.9926539058458355
0.0002069322296948	0.0017589239524056	0.9953440248318676	0.0026901189860321
0.999482669425763	0.0	0.0005173305742369	0.0
0.0	0.9997930677703052	0.0001034661148474	0.0001034661148474
0.0	0.0	1.0	0.0
0.0	0.0014485256078634	0.0001034661148474	0.9984480082772892
