MEME version 4

ALPHABET= ACGT

strands: + -

Background letter frequencies (from uniform background):
A 0.25000 C 0.25000 G 0.25000 T 0.25000

MOTIF C001:HES_SREBF:bHLH
letter-probability matrix: alength= 4 w= 6 nsites= 1 E= 0
 0.009600  0.978734  0.007821  0.003846
 0.947819  0.007707  0.031366  0.013108
 0.004453  0.889233  0.031821  0.074493
 0.036305  0.012945  0.949082  0.001668
 0.007917  0.040791  0.004663  0.946629
 0.009244  0.010662  0.961219  0.018875
URL BLANK

MOTIF C002:CREB_XBP1:bZIP
letter-probability matrix: alength= 4 w= 9 nsites= 1 E= 0
 0.056223  0.014320  0.791296  0.138161
 0.238654  0.722921  0.008992  0.029433
 0.024326  0.921601  0.022354  0.031720
 0.975179  0.002818  0.018104  0.003899
 0.000885  0.990154  0.001931  0.007029
 0.022814  0.003914  0.972213  0.001060
 0.005387  0.016731  0.004152  0.973731
 0.065410  0.874418  0.042970  0.017201
 0.887080  0.029401  0.057894  0.025625
URL BLANK

MOTIF C003:ARNT_HIF:bHLH
letter-probability matrix: alength= 4 w= 5 nsites= 1 E= 0
 0.002557  0.959793  0.010393  0.027256
 0.825949  0.003495  0.165085  0.005471
 0.008958  0.983799  0.001875  0.005368
 0.017077  0.000625  0.980735  0.001562
 0.028998  0.300794  0.008846  0.661362
URL BLANK

MOTIF C004:SIX:Homeodomain
letter-probability matrix: alength= 4 w= 9 nsites= 1 E= 0
 0.122301  0.099693  0.651373  0.126634
 0.422388  0.125998  0.127097  0.324517
 0.929818  0.029244  0.010267  0.030671
 0.954556  0.013491  0.012348  0.019604
 0.040786  0.827809  0.022935  0.108470
 0.106803  0.777268  0.030163  0.085766
 0.050901  0.052690  0.036036  0.860372
 0.043695  0.021018  0.907039  0.028247
 0.960252  0.011507  0.012545  0.015697
URL BLANK

MOTIF C005:FOXI_FOXO:Forkhead
letter-probability matrix: alength= 4 w= 10 nsites= 1 E= 0
 0.569224  0.291622  0.060931  0.078223
 0.795829  0.072192  0.062954  0.069025
 0.872459  0.023956  0.087364  0.016220
 0.024999  0.891531  0.034306  0.049164
 0.783770  0.187093  0.024681  0.004455
 0.035439  0.030030  0.928439  0.006092
 0.017875  0.011547  0.943259  0.027319
 0.934057  0.026254  0.014817  0.024873
 0.735047  0.049836  0.035158  0.179958
 0.242054  0.083930  0.621439  0.052578
URL BLANK

MOTIF C006:GRHL_TFCP2:Grainyhead
letter-probability matrix: alength= 4 w= 8 nsites= 1 E= 0
 0.893629  0.006840  0.051864  0.047667
 0.902551  0.001844  0.006600  0.089005
 0.000865  0.997205  0.001930  0.000000
 0.036092  0.815755  0.009170  0.138984
 0.125594  0.010238  0.800076  0.064091
 0.000853  0.007679  0.990614  0.000853
 0.123813  0.023287  0.000198  0.852702
 0.044429  0.063785  0.014828  0.876958
URL BLANK

MOTIF C007:GRHL_SCRT:C2H2_ZF
letter-probability matrix: alength= 4 w= 8 nsites= 1 E= 0
 0.098395  0.687484  0.097317  0.116805
 0.814178  0.085703  0.042728  0.057391
 0.928943  0.009814  0.040824  0.020418
 0.006357  0.981161  0.007708  0.004774
 0.920663  0.015071  0.006021  0.058245
 0.098444  0.011407  0.865525  0.024624
 0.023782  0.015374  0.936254  0.024589
 0.030394  0.042287  0.013322  0.913996
URL BLANK

MOTIF C008:BHLHE_OLIG:bHLH
letter-probability matrix: alength= 4 w= 10 nsites= 1 E= 0
 0.639188  0.069910  0.221583  0.069319
 0.374015  0.449085  0.127773  0.049127
 0.016188  0.980778  0.001576  0.001458
 0.941735  0.001303  0.043076  0.013886
 0.002192  0.037594  0.040406  0.919808
 0.833964  0.056207  0.043107  0.066722
 0.008638  0.040515  0.004610  0.946236
 0.001068  0.001843  0.976861  0.020228
 0.023735  0.162226  0.380697  0.433342
 0.048416  0.381992  0.037635  0.531957
URL BLANK

MOTIF C009:YY_ZFP:C2H2_ZF
letter-probability matrix: alength= 4 w= 7 nsites= 1 E= 0
 0.937922  0.019813  0.025856  0.016408
 0.900738  0.032101  0.034918  0.032244
 0.588069  0.075199  0.290505  0.046227
 0.970762  0.010603  0.011922  0.006712
 0.009660  0.006490  0.010164  0.973687
 0.007898  0.003330  0.984345  0.004426
 0.025555  0.019477  0.906108  0.048861
URL BLANK

MOTIF C010:OSR:C2H2_ZF
letter-probability matrix: alength= 4 w= 8 nsites= 1 E= 0
 0.080320  0.049417  0.846255  0.024009
 0.008103  0.970276  0.005740  0.015880
 0.009821  0.027337  0.009725  0.953118
 0.499739  0.038030  0.027220  0.435010
 0.006321  0.978653  0.007732  0.007293
 0.009286  0.239696  0.007162  0.743856
 0.013350  0.014111  0.961554  0.010986
 0.097575  0.119197  0.114288  0.668940
URL BLANK

MOTIF C011:ZIC_ZNF:C2H2_ZF
letter-probability matrix: alength= 4 w= 7 nsites= 1 E= 0
 0.012988  0.958296  0.015007  0.013709
 0.920072  0.028089  0.024787  0.027052
 0.023595  0.020297  0.945799  0.010309
 0.015570  0.934477  0.020153  0.029801
 0.871872  0.021213  0.054453  0.052463
 0.014253  0.024562  0.935339  0.025846
 0.242576  0.020237  0.720857  0.016331
URL BLANK

MOTIF C012:ASCL_FIGLA:bHLH
letter-probability matrix: alength= 4 w= 6 nsites= 1 E= 0
 0.011372  0.969230  0.007527  0.011870
 0.951209  0.014427  0.021030  0.013334
 0.007294  0.581099  0.374982  0.036625
 0.026553  0.885218  0.077598  0.010631
 0.011286  0.021014  0.013202  0.954498
 0.015062  0.011651  0.964281  0.009006
URL BLANK

MOTIF C013:PKNOX_TGIF:Homeodomain
letter-probability matrix: alength= 4 w= 12 nsites= 1 E= 0
 0.042226  0.055310  0.021574  0.880889
 0.013217  0.024529  0.950991  0.011263
 0.884534  0.011552  0.033535  0.070380
 0.007515  0.972742  0.005542  0.014201
 0.929751  0.004954  0.057126  0.008169
 0.009827  0.325626  0.558410  0.106138
 0.133947  0.754971  0.097690  0.013391
 0.007748  0.053729  0.002956  0.935567
 0.013740  0.005479  0.971827  0.008954
 0.065218  0.027551  0.009900  0.897331
 0.007874  0.956495  0.024417  0.011214
 0.875106  0.024236  0.051746  0.048912
URL BLANK

MOTIF C014:NEURO_TCF:bHLH
letter-probability matrix: alength= 4 w= 6 nsites= 1 E= 0
 0.008487  0.982694  0.004408  0.004411
 0.974949  0.007189  0.012875  0.004987
 0.019907  0.017863  0.695886  0.266344
 0.134854  0.787749  0.024633  0.052765
 0.006269  0.008301  0.004964  0.980466
 0.004103  0.007013  0.984617  0.004267
URL BLANK

MOTIF C015:HNF_NR2E:Nuclear_receptor
letter-probability matrix: alength= 4 w= 9 nsites= 1 E= 0
 0.209181  0.640294  0.049114  0.101410
 0.805823  0.031881  0.089728  0.072569
 0.876321  0.019364  0.081914  0.022402
 0.931746  0.007046  0.048272  0.012936
 0.020372  0.012584  0.946526  0.020518
 0.011712  0.025574  0.031039  0.931675
 0.043233  0.841268  0.029031  0.086468
 0.353420  0.605235  0.008743  0.032601
 0.750840  0.068781  0.068986  0.111393
URL BLANK

MOTIF C016:LEF1_TCF:bHLH
letter-probability matrix: alength= 4 w= 7 nsites= 1 E= 0
 0.016835  0.923299  0.025050  0.034818
 0.008544  0.013378  0.004605  0.973473
 0.010105  0.023513  0.021088  0.945294
 0.010694  0.007153  0.008273  0.973879
 0.021858  0.071293  0.866649  0.040200
 0.933359  0.021970  0.015618  0.029053
 0.183208  0.033013  0.040960  0.742819
URL BLANK

MOTIF C017:NR2F_RXR:Nuclear_receptor
letter-probability matrix: alength= 4 w= 11 nsites= 1 E= 0
 0.029811  0.027580  0.895511  0.047097
 0.027393  0.026103  0.561576  0.384928
 0.030907  0.335756  0.076523  0.556814
 0.234494  0.626684  0.105489  0.033332
 0.512375  0.068416  0.288550  0.130659
 0.019761  0.033628  0.019491  0.927119
 0.029331  0.136341  0.737254  0.097075
 0.775899  0.038877  0.165988  0.019235
 0.176238  0.766658  0.031689  0.025415
 0.033714  0.928314  0.013766  0.024206
 0.020429  0.449966  0.027367  0.502238
URL BLANK

MOTIF C018:ESR_NR1I:AP2
letter-probability matrix: alength= 4 w= 14 nsites= 1 E= 0
 0.586916  0.010201  0.397478  0.005405
 0.014002  0.007143  0.952880  0.025975
 0.009199  0.001843  0.809667  0.179290
 0.006300  0.021520  0.090592  0.881588
 0.023909  0.895223  0.036402  0.044467
 0.893778  0.007167  0.089801  0.009254
 0.212910  0.427083  0.143189  0.216818
 0.193042  0.335856  0.279036  0.192066
 0.210197  0.165768  0.537786  0.086249
 0.277047  0.035719  0.185064  0.502171
 0.042116  0.046561  0.899007  0.012316
 0.435866  0.086005  0.088378  0.389752
 0.048461  0.568866  0.042868  0.339805
 0.035625  0.881653  0.000000  0.082723
URL BLANK

MOTIF C019:NR1H_THR:Nuclear_receptor
letter-probability matrix: alength= 4 w= 16 nsites= 1 E= 0
 0.002747  0.035910  0.005778  0.955564
 0.052298  0.058747  0.859374  0.029582
 0.655141  0.064317  0.061767  0.218775
 0.068817  0.905014  0.005559  0.020610
 0.012842  0.916402  0.032108  0.038648
 0.021789  0.172359  0.045451  0.760402
 0.087320  0.445126  0.154971  0.312584
 0.484857  0.102010  0.170648  0.242486
 0.245453  0.327360  0.254716  0.172471
 0.233811  0.102976  0.541865  0.121348
 0.015170  0.007607  0.008853  0.968370
 0.137599  0.027532  0.790733  0.044136
 0.819762  0.053584  0.075548  0.051107
 0.072634  0.904854  0.008061  0.014451
 0.030224  0.939078  0.002031  0.028667
 0.004914  0.159616  0.010011  0.825459
URL BLANK

MOTIF C020:RAR_ROR:Nuclear_receptor
letter-probability matrix: alength= 4 w= 6 nsites= 1 E= 0
 0.650044  0.038960  0.224105  0.086891
 0.012194  0.009494  0.951862  0.026449
 0.010988  0.010511  0.916510  0.061991
 0.061494  0.057215  0.072500  0.808791
 0.025216  0.855643  0.050123  0.069017
 0.895261  0.012145  0.071569  0.021025
URL BLANK

MOTIF C021:NR1D_RAR:Nuclear_receptor
letter-probability matrix: alength= 4 w= 14 nsites= 1 E= 0
 0.706366  0.013931  0.276350  0.003353
 0.000575  0.000268  0.970270  0.028887
 0.002692  0.000175  0.967923  0.029210
 0.000957  0.007742  0.047022  0.944279
 0.000688  0.828369  0.007814  0.163129
 0.986032  0.009612  0.003021  0.001336
 0.623270  0.054504  0.252956  0.069271
 0.538329  0.004686  0.085864  0.371121
 0.829507  0.004777  0.165197  0.000519
 0.000246  0.000071  0.944469  0.055213
 0.000912  0.000329  0.914657  0.084101
 0.010376  0.016360  0.028997  0.944267
 0.000248  0.963701  0.005650  0.030401
 0.948580  0.000271  0.049127  0.002021
URL BLANK

MOTIF C022:NR1I_VDR:Nuclear_receptor
letter-probability matrix: alength= 4 w= 6 nsites= 1 E= 0
 0.011728  0.073781  0.045089  0.869401
 0.062172  0.008449  0.911191  0.018188
 0.850096  0.025997  0.047222  0.076684
 0.625321  0.037057  0.324831  0.012792
 0.031600  0.947591  0.009514  0.011295
 0.011365  0.079227  0.009903  0.899505
URL BLANK

MOTIF C023:NR1H_RXR:Nuclear_receptor
letter-probability matrix: alength= 4 w= 8 nsites= 1 E= 0
 0.579799  0.247210  0.105650  0.067342
 0.735656  0.062533  0.115082  0.086729
 0.867429  0.028026  0.085288  0.019257
 0.031470  0.021473  0.906975  0.040082
 0.021629  0.013979  0.893606  0.070786
 0.032131  0.053052  0.085410  0.829407
 0.030079  0.842585  0.047844  0.079493
 0.821124  0.032532  0.108117  0.038227
URL BLANK

MOTIF C024:GMEB:SAND
letter-probability matrix: alength= 4 w= 6 nsites= 1 E= 0
 0.038556  0.038207  0.264593  0.658643
 0.814615  0.005000  0.180385  0.000000
 0.000000  0.986770  0.008230  0.005000
 0.005000  0.000000  0.986770  0.008230
 0.000000  0.150246  0.005000  0.844754
 0.624023  0.282811  0.033691  0.059474
URL BLANK

MOTIF C025:SREBF:bHLH
letter-probability matrix: alength= 4 w= 8 nsites= 1 E= 0
 0.000000  0.000000  0.000000  1.000000
 0.000000  1.000000  0.000000  0.000000
 1.000000  0.000000  0.000000  0.000000
 0.000000  0.822634  0.156089  0.021277
 0.136830  0.614820  0.218452  0.029897
 0.000000  0.772927  0.000000  0.227073
 0.017241  0.856016  0.126742  0.000000
 1.000000  0.000000  0.000000  0.000000
URL BLANK

MOTIF C026:FOS_JUN:bZIP
letter-probability matrix: alength= 4 w= 9 nsites= 1 E= 0
 0.641039  0.072052  0.246739  0.040170
 0.014061  0.018869  0.010670  0.956401
 0.025778  0.026729  0.864668  0.082824
 0.946465  0.012141  0.021225  0.020169
 0.014217  0.827040  0.056543  0.102199
 0.080047  0.024343  0.875843  0.019767
 0.031421  0.061366  0.012353  0.894860
 0.195328  0.736734  0.048682  0.019256
 0.906697  0.027078  0.034010  0.032215
URL BLANK

MOTIF C027:CEBP:bZIP
letter-probability matrix: alength= 4 w= 8 nsites= 1 E= 0
 0.005881  0.005912  0.005749  0.982458
 0.004816  0.001652  0.020426  0.973107
 0.179861  0.005260  0.758879  0.056001
 0.006460  0.970212  0.004276  0.019051
 0.326267  0.020414  0.616806  0.036513
 0.040177  0.837993  0.007997  0.113833
 0.969114  0.024250  0.001993  0.004643
 0.979465  0.005571  0.007586  0.007378
URL BLANK

MOTIF C028:ATF_CEBP:bZIP
letter-probability matrix: alength= 4 w= 8 nsites= 1 E= 0
 0.010774  0.006719  0.003751  0.978756
 0.010741  0.002643  0.022606  0.964010
 0.472464  0.006555  0.464426  0.056556
 0.008740  0.891686  0.005722  0.093851
 0.709120  0.012128  0.262099  0.016653
 0.017404  0.048176  0.007733  0.926687
 0.655041  0.323914  0.005356  0.015689
 0.969067  0.007642  0.010552  0.012739
URL BLANK

MOTIF C029:MSANTD_NKX2:Homeodomain
letter-probability matrix: alength= 4 w= 7 nsites= 1 E= 0
 0.035170  0.859541  0.014078  0.091211
 0.952724  0.008870  0.008613  0.029793
 0.025283  0.927411  0.017389  0.029917
 0.026900  0.013148  0.007514  0.952437
 0.034376  0.860522  0.024216  0.080885
 0.827085  0.089615  0.028732  0.054568
 0.648659  0.226766  0.056068  0.068506
URL BLANK

MOTIF C030:NKX2:Homeodomain
letter-probability matrix: alength= 4 w= 7 nsites= 1 E= 0
 0.009698  0.894973  0.004097  0.091232
 0.892959  0.042822  0.005429  0.058789
 0.003205  0.986949  0.001816  0.008030
 0.005680  0.010284  0.010003  0.974034
 0.012203  0.160420  0.006808  0.820570
 0.201165  0.200758  0.564689  0.033389
 0.772884  0.047659  0.058868  0.120590
URL BLANK

MOTIF C031:MEIS_PKNOX:Homeodomain
letter-probability matrix: alength= 4 w= 5 nsites= 1 E= 0
 0.046706  0.031530  0.031869  0.889896
 0.006937  0.015271  0.971970  0.005823
 0.922552  0.013256  0.046476  0.017717
 0.010285  0.964263  0.009073  0.016380
 0.896935  0.009632  0.057287  0.036146
URL BLANK

MOTIF C032:PAX:Paired_box
letter-probability matrix: alength= 4 w= 14 nsites= 1 E= 0
 0.171272  0.677292  0.002416  0.149020
 0.784912  0.024176  0.171254  0.019657
 0.188814  0.271635  0.350182  0.189370
 0.007612  0.196106  0.002430  0.793853
 0.025497  0.608523  0.354693  0.011286
 0.814295  0.004771  0.171815  0.009118
 0.450338  0.026772  0.045792  0.477099
 0.004912  0.177763  0.811167  0.006158
 0.005148  0.982220  0.001533  0.011099
 0.109305  0.005184  0.870272  0.015239
 0.010144  0.012813  0.045623  0.931420
 0.158243  0.005511  0.816400  0.019846
 0.899129  0.002079  0.045512  0.053280
 0.172287  0.793622  0.020588  0.013502
URL BLANK

MOTIF C033:NPAS_PAX:Paired_box
letter-probability matrix: alength= 4 w= 6 nsites= 1 E= 0
 0.027430  0.037979  0.883495  0.051097
 0.070649  0.046534  0.033589  0.849228
 0.007165  0.913230  0.020258  0.059348
 0.926450  0.016907  0.029351  0.027291
 0.012895  0.877082  0.021711  0.088312
 0.067854  0.029825  0.885646  0.016675
URL BLANK

MOTIF C034:MAF_ZNF:bZIP
letter-probability matrix: alength= 4 w= 13 nsites= 1 E= 0
 0.078522  0.137889  0.051090  0.732500
 0.030518  0.022763  0.925750  0.020968
 0.067944  0.870246  0.013664  0.048145
 0.092252  0.068754  0.026633  0.812360
 0.354034  0.038585  0.505783  0.101598
 0.799264  0.088057  0.025478  0.087201
 0.075590  0.290418  0.270029  0.363963
 0.080934  0.024224  0.386341  0.508501
 0.099118  0.817784  0.031634  0.051464
 0.729940  0.057627  0.062328  0.150104
 0.219144  0.016361  0.686290  0.078205
 0.004133  0.946767  0.016235  0.032865
 0.696232  0.066140  0.140941  0.096687
URL BLANK

MOTIF C035:MEIS_PBX:Homeodomain
letter-probability matrix: alength= 4 w= 8 nsites= 1 E= 0
 0.908837  0.027687  0.049474  0.014002
 0.020704  0.027551  0.007952  0.943793
 0.491370  0.424329  0.023467  0.060835
 0.926515  0.034653  0.006613  0.032219
 0.926567  0.020495  0.015254  0.037683
 0.015382  0.009831  0.021555  0.953232
 0.038424  0.902858  0.010695  0.048023
 0.821727  0.048757  0.014414  0.115102
URL BLANK

MOTIF C036:FOS_JUN:bZIP
letter-probability matrix: alength= 4 w= 7 nsites= 1 E= 0
 0.007558  0.006855  0.005572  0.980016
 0.008775  0.007876  0.945112  0.038237
 0.974022  0.006440  0.010948  0.008590
 0.035258  0.727727  0.185897  0.051118
 0.030907  0.007398  0.051458  0.910237
 0.098515  0.872497  0.009268  0.019721
 0.962622  0.007179  0.014825  0.015374
URL BLANK

MOTIF C037:EGR_ZBTB:C2H2_ZF
letter-probability matrix: alength= 4 w= 10 nsites= 1 E= 0
 0.448556  0.444801  0.068473  0.038171
 0.010225  0.937968  0.021106  0.030702
 0.069789  0.033923  0.850026  0.046262
 0.005694  0.956474  0.024417  0.013415
 0.023259  0.771694  0.193714  0.011333
 0.004516  0.918227  0.025775  0.051482
 0.817524  0.136219  0.029044  0.017214
 0.007186  0.933611  0.038942  0.020261
 0.094185  0.110065  0.713284  0.082466
 0.057425  0.778780  0.074203  0.089592
URL BLANK

MOTIF C038:KLF_SP:C2H2_ZF
letter-probability matrix: alength= 4 w= 8 nsites= 1 E= 0
 0.175168  0.720832  0.046216  0.057784
 0.059505  0.880860  0.019618  0.040017
 0.779553  0.147048  0.055622  0.017777
 0.012607  0.971859  0.003949  0.011585
 0.209844  0.050101  0.687246  0.052809
 0.017237  0.971183  0.007111  0.004470
 0.065111  0.885013  0.024352  0.025525
 0.009094  0.922463  0.010040  0.058404
URL BLANK

MOTIF C039:KLF_ZNF:C2H2_ZF
letter-probability matrix: alength= 4 w= 8 nsites= 1 E= 0
 0.052072  0.019269  0.913542  0.015116
 0.026146  0.010129  0.958035  0.005689
 0.003207  0.005581  0.987906  0.003306
 0.289759  0.527069  0.056374  0.126797
 0.011404  0.009856  0.966611  0.012128
 0.025103  0.032486  0.828770  0.113641
 0.096710  0.034061  0.825778  0.043451
 0.089952  0.057160  0.808762  0.044126
URL BLANK

MOTIF C040:SP_ZNF:C2H2_ZF
letter-probability matrix: alength= 4 w= 7 nsites= 1 E= 0
 0.089345  0.095380  0.108400  0.706876
 0.007714  0.966020  0.019495  0.006772
 0.020029  0.945561  0.012707  0.021702
 0.263555  0.003276  0.028179  0.704990
 0.007329  0.950751  0.021271  0.020649
 0.018400  0.959967  0.015442  0.006191
 0.009261  0.945198  0.013044  0.032496
URL BLANK

MOTIF C041:GLI_ZBTB:C2H2_ZF
letter-probability matrix: alength= 4 w= 9 nsites= 1 E= 0
 0.087264  0.034706  0.837461  0.040569
 0.830602  0.100678  0.061307  0.007413
 0.016539  0.971878  0.006671  0.004912
 0.004213  0.984109  0.005944  0.005733
 0.847214  0.114681  0.012507  0.025598
 0.006579  0.979299  0.006031  0.008091
 0.084498  0.878328  0.017499  0.019674
 0.109824  0.638302  0.169562  0.082312
 0.718294  0.087849  0.095440  0.098417
URL BLANK

MOTIF C042:GLIS_ZIC:C2H2_ZF
letter-probability matrix: alength= 4 w= 13 nsites= 1 E= 0
 0.719773  0.095982  0.147556  0.036688
 0.029701  0.941181  0.023061  0.006057
 0.016471  0.968872  0.006522  0.008135
 0.046093  0.918082  0.013227  0.022598
 0.001051  0.998140  0.000167  0.000642
 0.017370  0.980688  0.000061  0.001880
 0.008977  0.843257  0.000963  0.146803
 0.397221  0.039091  0.519533  0.044155
 0.037764  0.749381  0.057270  0.155585
 0.152348  0.085554  0.437958  0.324140
 0.338015  0.039230  0.495274  0.127483
 0.322287  0.255247  0.093997  0.328469
 0.039586  0.082210  0.781373  0.096830
URL BLANK

MOTIF C043:GCM:GCM
letter-probability matrix: alength= 4 w= 8 nsites= 1 E= 0
 0.768595  0.055016  0.158724  0.017666
 0.011851  0.018083  0.010719  0.959345
 0.165163  0.015156  0.819393  0.000287
 0.046134  0.844092  0.053312  0.056462
 0.029111  0.005232  0.869633  0.096024
 0.000000  0.000093  0.994216  0.005691
 0.000378  0.000419  0.998970  0.000233
 0.025325  0.224293  0.025098  0.725284
URL BLANK

MOTIF C044:MZF_NFKB:Rel
letter-probability matrix: alength= 4 w= 11 nsites= 1 E= 0
 0.075431  0.066540  0.791764  0.066265
 0.067239  0.064301  0.802442  0.066018
 0.066153  0.064238  0.782143  0.087467
 0.108315  0.065800  0.745219  0.080667
 0.877596  0.036970  0.054070  0.031365
 0.261735  0.021720  0.026462  0.690083
 0.038702  0.077875  0.054461  0.828962
 0.089277  0.731923  0.065923  0.112877
 0.078503  0.787980  0.064647  0.068870
 0.073660  0.791288  0.066966  0.068086
 0.068723  0.792282  0.070689  0.068306
URL BLANK

MOTIF C045:GATA_TFCP2:Grainyhead
letter-probability matrix: alength= 4 w= 13 nsites= 1 E= 0
 0.071388  0.762918  0.092507  0.073187
 0.328374  0.002573  0.136820  0.532233
 0.002939  0.014322  0.970169  0.012570
 0.132657  0.359104  0.137437  0.370802
 0.172021  0.227578  0.135212  0.465187
 0.186897  0.347345  0.190598  0.275161
 0.276364  0.285442  0.250221  0.187974
 0.422520  0.134845  0.209334  0.233300
 0.309781  0.179297  0.268124  0.242797
 0.156752  0.592107  0.149804  0.101337
 0.106888  0.630764  0.135780  0.126569
 0.551281  0.009233  0.157597  0.281890
 0.006027  0.014514  0.977368  0.002091
URL BLANK

MOTIF C046:THAP_ZNF:THAP_finger
letter-probability matrix: alength= 4 w= 13 nsites= 1 E= 0
 0.938399  0.030199  0.018091  0.013311
 0.021972  0.913309  0.033627  0.031092
 0.074343  0.228629  0.008191  0.688838
 0.969356  0.014760  0.010398  0.005486
 0.004677  0.963042  0.011404  0.020877
 0.691491  0.179886  0.032670  0.095953
 0.379252  0.039905  0.463167  0.117675
 0.516695  0.165624  0.144638  0.173044
 0.027983  0.203886  0.025565  0.742566
 0.111384  0.828689  0.018330  0.041596
 0.027697  0.910517  0.010961  0.050825
 0.049151  0.778714  0.017924  0.154211
 0.760131  0.030113  0.140644  0.069112
URL BLANK

MOTIF C047:FEZF_ZFP:C2H2_ZF
letter-probability matrix: alength= 4 w= 7 nsites= 1 E= 0
 0.036580  0.863715  0.024273  0.075432
 0.015440  0.872162  0.021185  0.091212
 0.010550  0.973580  0.004805  0.011066
 0.895008  0.036110  0.048337  0.020545
 0.020930  0.025605  0.945657  0.007808
 0.101280  0.788407  0.082560  0.027752
 0.078372  0.793665  0.038308  0.089653
URL BLANK

MOTIF C048:ZBTB_ZNF:C2H2_ZF
letter-probability matrix: alength= 4 w= 9 nsites= 1 E= 0
 0.079067  0.048758  0.846275  0.025901
 0.026344  0.050073  0.908007  0.015576
 0.006143  0.905844  0.007490  0.080522
 0.007718  0.097583  0.009290  0.885409
 0.004575  0.973254  0.016250  0.005921
 0.393094  0.325828  0.141603  0.139475
 0.538465  0.168675  0.218850  0.074011
 0.060787  0.021613  0.893496  0.024105
 0.040049  0.136142  0.750757  0.073053
URL BLANK

MOTIF C049:PLAG:C2H2_ZF
letter-probability matrix: alength= 4 w= 7 nsites= 1 E= 0
 0.032646  0.055997  0.431550  0.479807
 0.014061  0.014908  0.964637  0.006395
 0.011340  0.086633  0.874400  0.027626
 0.005017  0.876654  0.111971  0.006359
 0.006465  0.977531  0.009397  0.006607
 0.011411  0.933159  0.012577  0.042853
 0.004169  0.943250  0.008585  0.043997
URL BLANK

MOTIF C050:ZNF:C2H2_ZF
letter-probability matrix: alength= 4 w= 8 nsites= 1 E= 0
 0.046750  0.031356  0.844839  0.077055
 0.075686  0.814609  0.076544  0.033162
 0.004272  0.966993  0.016092  0.012644
 0.032743  0.073866  0.740237  0.153154
 0.001338  0.958458  0.010395  0.029809
 0.004272  0.011125  0.013430  0.971173
 0.001757  0.982121  0.014993  0.001129
 0.026276  0.414582  0.039477  0.519665
URL BLANK

MOTIF C051:ZNF:C2H2_ZF
letter-probability matrix: alength= 4 w= 12 nsites= 1 E= 0
 0.041042  0.705878  0.121728  0.131352
 0.014333  0.905385  0.032385  0.047897
 0.010484  0.087133  0.033656  0.868727
 0.008965  0.878327  0.019853  0.092856
 0.295604  0.166721  0.510783  0.026892
 0.486220  0.008717  0.490515  0.014548
 0.010827  0.965130  0.015884  0.008159
 0.000837  0.990290  0.003847  0.005026
 0.004560  0.006887  0.006328  0.982225
 0.002513  0.984986  0.007817  0.004684
 0.020539  0.912946  0.008345  0.058171
 0.032731  0.685939  0.033691  0.247639
URL BLANK

MOTIF C052:TFAP2:AP-2
letter-probability matrix: alength= 4 w= 9 nsites= 1 E= 0
 0.034937  0.211137  0.714156  0.039770
 0.006908  0.977718  0.009622  0.005753
 0.003724  0.970289  0.009480  0.016507
 0.009688  0.181964  0.099804  0.708544
 0.069962  0.658342  0.216594  0.055101
 0.737274  0.106601  0.142958  0.013168
 0.017890  0.012074  0.965868  0.004168
 0.005625  0.013554  0.975267  0.005554
 0.040658  0.702742  0.220851  0.035749
URL BLANK

MOTIF C053:EBF_TFAP2:AP-2
letter-probability matrix: alength= 4 w= 8 nsites= 1 E= 0
 0.050659  0.911883  0.026366  0.011092
 0.007240  0.965541  0.004511  0.022708
 0.017530  0.804796  0.031858  0.145816
 0.190317  0.277774  0.122661  0.409248
 0.320498  0.183258  0.354361  0.141883
 0.283105  0.061788  0.637493  0.017613
 0.056206  0.016419  0.917289  0.010086
 0.038446  0.046444  0.903945  0.011164
URL BLANK

MOTIF C054:PLAG_ZNF:C2H2_ZF
letter-probability matrix: alength= 4 w= 15 nsites= 1 E= 0
 0.110000  0.105333  0.673667  0.111000
 0.321674  0.020353  0.536853  0.121120
 0.112604  0.026017  0.802488  0.058891
 0.103000  0.206667  0.686667  0.003667
 0.283667  0.008333  0.684148  0.023852
 0.115650  0.440421  0.311323  0.132606
 0.070333  0.634444  0.116852  0.178370
 0.254222  0.492238  0.094250  0.159291
 0.492581  0.192555  0.088723  0.226141
 0.449370  0.137593  0.339370  0.073667
 0.086704  0.003667  0.816259  0.093370
 0.008330  0.001333  0.989004  0.001333
 0.014662  0.017316  0.962694  0.005328
 0.069667  0.006000  0.858296  0.066037
 0.173037  0.229000  0.592630  0.005333
URL BLANK

MOTIF C055:CTCF:C2H2_ZF
letter-probability matrix: alength= 4 w= 12 nsites= 1 E= 0
 0.079442  0.810132  0.053244  0.057182
 0.018874  0.966532  0.005057  0.009538
 0.729274  0.034886  0.105380  0.130460
 0.052370  0.550038  0.368623  0.028969
 0.145771  0.425113  0.070635  0.358481
 0.849774  0.023029  0.077901  0.049296
 0.016316  0.006781  0.972060  0.004843
 0.392229  0.007146  0.589380  0.011245
 0.066014  0.026092  0.512518  0.395377
 0.023848  0.005556  0.957539  0.013057
 0.053007  0.039558  0.824153  0.083282
 0.132427  0.738272  0.025081  0.104220
URL BLANK

MOTIF C056:CTCF_INSM:C2H2_ZF
letter-probability matrix: alength= 4 w= 8 nsites= 1 E= 0
 0.161065  0.669183  0.056356  0.113396
 0.812072  0.011449  0.009120  0.167359
 0.002384  0.013333  0.979154  0.005129
 0.018961  0.037466  0.936864  0.006709
 0.009675  0.031629  0.927593  0.031103
 0.005350  0.021262  0.966236  0.007152
 0.009730  0.049151  0.804615  0.136504
 0.067517  0.821025  0.001885  0.109572
URL BLANK

MOTIF C057:ZNF:C2H2_ZF
letter-probability matrix: alength= 4 w= 14 nsites= 1 E= 0
 0.870900  0.005000  0.068100  0.056000
 0.031303  0.015100  0.921296  0.032300
 0.168202  0.627090  0.076901  0.127806
 0.105502  0.705480  0.007500  0.181518
 0.942154  0.015209  0.012208  0.030429
 0.371607  0.120942  0.123107  0.384344
 0.138579  0.016106  0.721164  0.124150
 0.014906  0.014609  0.963382  0.007103
 0.745246  0.083222  0.060023  0.111508
 0.356526  0.029204  0.150552  0.463718
 0.118616  0.005401  0.844270  0.031712
 0.053921  0.004702  0.933674  0.007703
 0.045414  0.241538  0.045518  0.667529
 0.029207  0.038613  0.166333  0.765845
URL BLANK

MOTIF C058:PRDM_ZNF:C2H2_ZF
letter-probability matrix: alength= 4 w= 17 nsites= 1 E= 0
 0.089571  0.020519  0.778826  0.111084
 0.072500  0.018500  0.869000  0.040000
 0.262433  0.214916  0.365757  0.156894
 0.243150  0.370190  0.173106  0.213554
 0.457000  0.174500  0.149000  0.219500
 0.300500  0.224500  0.351500  0.123500
 0.219000  0.015000  0.750000  0.016000
 0.035500  0.006000  0.933000  0.025500
 0.572500  0.055500  0.288500  0.083500
 0.018501  0.004501  0.918497  0.058501
 0.025000  0.003500  0.916500  0.055000
 0.471500  0.298000  0.141000  0.089500
 0.253500  0.417000  0.154500  0.175000
 0.576000  0.042500  0.237000  0.144500
 0.470633  0.265711  0.139553  0.124102
 0.888003  0.002498  0.085999  0.023499
 0.654500  0.043000  0.287500  0.015000
URL BLANK

MOTIF C059:ZNF:C2H2_ZF
letter-probability matrix: alength= 4 w= 10 nsites= 1 E= 0
 0.466500  0.023500  0.505500  0.004500
 0.676000  0.027000  0.170000  0.127000
 0.017000  0.004500  0.977000  0.001500
 0.001499  0.001499  0.995503  0.001499
 0.387613  0.465535  0.039461  0.107393
 0.472226  0.123972  0.345302  0.058500
 0.862500  0.001500  0.115500  0.020500
 0.001499  0.001499  0.995503  0.001499
 0.271945  0.046496  0.680060  0.001499
 0.056999  0.051499  0.809503  0.081999
URL BLANK

MOTIF C060:MGA_TBX:T-box
letter-probability matrix: alength= 4 w= 8 nsites= 1 E= 0
 0.765684  0.025821  0.139429  0.069066
 0.104605  0.076808  0.745994  0.072594
 0.016301  0.009988  0.958027  0.015684
 0.006354  0.050881  0.012434  0.930332
 0.003849  0.002103  0.992361  0.001687
 0.066286  0.104903  0.030462  0.798350
 0.027829  0.096212  0.682161  0.193798
 0.943919  0.006949  0.028719  0.020413
URL BLANK

MOTIF C061:E2F_TFDP:E2F
letter-probability matrix: alength= 4 w= 8 nsites= 1 E= 0
 0.076559  0.152255  0.742336  0.028849
 0.010320  0.019208  0.965529  0.004943
 0.034613  0.924688  0.009302  0.031396
 0.012599  0.011718  0.961917  0.013765
 0.007037  0.063717  0.921803  0.007442
 0.008223  0.034029  0.941244  0.016504
 0.872319  0.022251  0.055723  0.049706
 0.809999  0.045676  0.107012  0.037313
URL BLANK

MOTIF C062:RBPJ_ZNF:C2H2_ZF
letter-probability matrix: alength= 4 w= 8 nsites= 1 E= 0
 0.178978  0.064472  0.682138  0.074412
 0.031463  0.008029  0.098267  0.862242
 0.009369  0.006843  0.983362  0.000425
 0.021154  0.003882  0.925860  0.049103
 0.039178  0.007619  0.937457  0.015747
 0.987770  0.003138  0.002562  0.006530
 0.903458  0.031438  0.036689  0.028415
 0.737868  0.066566  0.109951  0.085614
URL BLANK

MOTIF C063:POU2F_POU3F:Homeodomain+POU
letter-probability matrix: alength= 4 w= 9 nsites= 1 E= 0
 0.097953  0.101041  0.083236  0.717771
 0.974388  0.005628  0.008905  0.011079
 0.011530  0.017299  0.012235  0.958936
 0.015104  0.005923  0.914211  0.064762
 0.018587  0.735970  0.058509  0.186934
 0.683619  0.003569  0.006872  0.305941
 0.869710  0.018277  0.054985  0.057028
 0.965229  0.006807  0.011419  0.016546
 0.086898  0.049341  0.060422  0.803340
URL BLANK

MOTIF C064:SOX_SRY:Sox
letter-probability matrix: alength= 4 w= 6 nsites= 1 E= 0
 0.093358  0.682621  0.038698  0.185323
 0.848786  0.011477  0.007302  0.132436
 0.006888  0.012822  0.022564  0.957726
 0.012454  0.003975  0.008820  0.974751
 0.027368  0.023437  0.943943  0.005252
 0.028773  0.015763  0.008770  0.946694
URL BLANK

MOTIF C065:DMRT_SOX:Sox
letter-probability matrix: alength= 4 w= 6 nsites= 1 E= 0
 0.975463  0.005159  0.008844  0.010534
 0.008202  0.951959  0.020613  0.019226
 0.973681  0.006653  0.004624  0.015042
 0.917597  0.021911  0.019619  0.040873
 0.846007  0.009450  0.015392  0.129151
 0.031326  0.010293  0.945228  0.013152
URL BLANK

MOTIF C066:HMGA_MEF2:MADS_box
letter-probability matrix: alength= 4 w= 10 nsites= 1 E= 0
 0.149108  0.677215  0.037721  0.135957
 0.012063  0.131087  0.006586  0.850264
 0.887301  0.038267  0.023130  0.051302
 0.698744  0.007992  0.031483  0.261781
 0.903422  0.002936  0.016262  0.077380
 0.943629  0.005389  0.004901  0.046081
 0.960445  0.005472  0.005942  0.028142
 0.014371  0.011389  0.003211  0.971028
 0.839281  0.050809  0.058384  0.051526
 0.133966  0.075695  0.719646  0.070692
URL BLANK

MOTIF C067:DMRT:DM
letter-probability matrix: alength= 4 w= 6 nsites= 1 E= 0
 0.000000  0.004002  0.995124  0.000874
 0.464036  0.216425  0.001471  0.318068
 0.136818  0.040084  0.004593  0.818505
 0.982228  0.003317  0.011239  0.003216
 0.000187  0.998804  0.000571  0.000438
 0.859000  0.008270  0.028242  0.104489
URL BLANK

MOTIF C068:SIX_SPZ1:Unknown
letter-probability matrix: alength= 4 w= 9 nsites= 1 E= 0
 0.612374  0.050505  0.286616  0.050505
 0.035000  0.118334  0.785000  0.061666
 0.093234  0.009901  0.862211  0.034653
 0.080000  0.005000  0.873333  0.041667
 0.041667  0.000000  0.061869  0.896464
 0.818334  0.000000  0.015000  0.166666
 0.250000  0.000000  0.083334  0.666667
 0.046717  0.864899  0.083334  0.005051
 0.876667  0.015000  0.098334  0.010000
URL BLANK

MOTIF C069:RFX:RFX
letter-probability matrix: alength= 4 w= 9 nsites= 1 E= 0
 0.010936  0.956186  0.015270  0.017609
 0.067281  0.617835  0.020318  0.294566
 0.216906  0.111422  0.058538  0.613134
 0.678384  0.009916  0.305036  0.006665
 0.011605  0.007670  0.977569  0.003158
 0.026416  0.908520  0.025843  0.039221
 0.943237  0.007379  0.030838  0.018545
 0.946982  0.016782  0.023214  0.013021
 0.032848  0.894899  0.032280  0.039972
URL BLANK

MOTIF C070:RFX:RFX
letter-probability matrix: alength= 4 w= 14 nsites= 1 E= 0
 0.010963  0.001450  0.986784  0.000803
 0.000593  0.019188  0.001513  0.978705
 0.024877  0.064542  0.001159  0.909423
 0.214369  0.013290  0.702845  0.069496
 0.001664  0.847488  0.027344  0.123504
 0.000109  0.743852  0.009589  0.246450
 0.899344  0.014640  0.054051  0.031965
 0.063701  0.055434  0.052507  0.828358
 0.173306  0.050901  0.725229  0.050564
 0.147727  0.056371  0.745550  0.050352
 0.093428  0.542464  0.060595  0.303514
 0.723003  0.051215  0.099613  0.126169
 0.843813  0.052383  0.052576  0.051227
 0.052206  0.836707  0.051135  0.059952
URL BLANK

MOTIF C071:BCL_STAT:STAT
letter-probability matrix: alength= 4 w= 9 nsites= 1 E= 0
 0.016998  0.028631  0.014666  0.939705
 0.026332  0.107554  0.058068  0.808046
 0.046355  0.907466  0.001907  0.044272
 0.072480  0.235722  0.092474  0.599323
 0.417042  0.043639  0.337605  0.201714
 0.172643  0.003353  0.798374  0.025631
 0.021515  0.003361  0.959526  0.015598
 0.956207  0.007502  0.023152  0.013139
 0.957412  0.008812  0.013846  0.019930
URL BLANK

MOTIF C072:TEAD:TEA
letter-probability matrix: alength= 4 w= 7 nsites= 1 E= 0
 0.744127  0.020731  0.199467  0.035674
 0.092620  0.866177  0.028873  0.012330
 0.969799  0.008500  0.010255  0.011446
 0.005912  0.010713  0.008343  0.975032
 0.084026  0.009920  0.025969  0.880085
 0.012851  0.950685  0.012388  0.024077
 0.010390  0.967096  0.003391  0.019123
URL BLANK

MOTIF C073:REL:Rel
letter-probability matrix: alength= 4 w= 10 nsites= 1 E= 0
 0.000000  0.258170  0.540849  0.200981
 0.000000  0.029412  0.913399  0.057190
 0.029412  0.000000  0.941177  0.029412
 0.452614  0.029412  0.459151  0.058824
 0.454249  0.230393  0.199346  0.116013
 0.202615  0.029412  0.029412  0.738562
 0.029412  0.000000  0.000000  0.970588
 0.058824  0.055556  0.000000  0.885621
 0.000000  0.941177  0.000000  0.058824
 0.029412  0.970588  0.000000  0.000000
URL BLANK

MOTIF C074:NFAT:Rel
letter-probability matrix: alength= 4 w= 6 nsites= 1 E= 0
 0.043489  0.162488  0.028241  0.765781
 0.013897  0.001470  0.976299  0.008334
 0.013029  0.006678  0.971742  0.008550
 0.940355  0.015310  0.037020  0.007315
 0.973855  0.002155  0.015513  0.008477
 0.875947  0.058212  0.022383  0.043459
URL BLANK

MOTIF C075:ZNF:C2H2_ZF
letter-probability matrix: alength= 4 w= 14 nsites= 1 E= 0
 0.017202  0.980783  0.000310  0.001704
 0.000857  0.998905  0.000237  0.000000
 0.000237  0.999053  0.000237  0.000474
 0.964992  0.003128  0.028494  0.003386
 0.022860  0.491641  0.101175  0.384325
 0.742389  0.123226  0.132490  0.001897
 0.931229  0.016307  0.048192  0.004272
 0.009477  0.009413  0.020480  0.960631
 0.050100  0.061102  0.863155  0.025642
 0.000474  0.998815  0.000711  0.000000
 0.814190  0.111607  0.008867  0.065335
 0.186804  0.417457  0.042877  0.352861
 0.079422  0.469112  0.012279  0.439188
 0.189708  0.014561  0.705032  0.090698
URL BLANK

MOTIF C076:ZNF:C2H2_ZF
letter-probability matrix: alength= 4 w= 12 nsites= 1 E= 0
 0.014495  0.907371  0.006248  0.071885
 0.960854  0.016183  0.009498  0.013466
 0.371552  0.009244  0.120336  0.498866
 0.016073  0.958625  0.007622  0.017679
 0.016809  0.935706  0.002655  0.044830
 0.338019  0.579693  0.014652  0.067635
 0.972756  0.007811  0.013090  0.006343
 0.031709  0.005968  0.454545  0.507777
 0.979786  0.005219  0.010778  0.004217
 0.982691  0.005561  0.005687  0.006061
 0.004406  0.011529  0.004530  0.979536
 0.666981  0.046791  0.028943  0.257285
URL BLANK

MOTIF C077:HSF_ZBTB:HSF
letter-probability matrix: alength= 4 w= 13 nsites= 1 E= 0
 0.119085  0.086190  0.092773  0.701952
 0.081445  0.065242  0.089707  0.763605
 0.012594  0.967605  0.013539  0.006261
 0.008239  0.158643  0.102260  0.730858
 0.565563  0.134755  0.295978  0.003704
 0.004741  0.004493  0.984039  0.006727
 0.939158  0.028735  0.007244  0.024862
 0.921877  0.012433  0.015183  0.050507
 0.061696  0.560743  0.133560  0.244001
 0.289675  0.186988  0.341629  0.181708
 0.104214  0.074111  0.076778  0.744897
 0.074412  0.071341  0.069584  0.784663
 0.071273  0.763058  0.073183  0.092486
URL BLANK

MOTIF C078:ZNF:C2H2_ZF
letter-probability matrix: alength= 4 w= 9 nsites= 1 E= 0
 0.944916  0.022704  0.026588  0.005792
 0.004119  0.072601  0.004821  0.918457
 0.837352  0.006422  0.148274  0.007951
 0.011627  0.008972  0.006908  0.972494
 0.959153  0.004594  0.030173  0.006081
 0.003004  0.984948  0.004594  0.007454
 0.015776  0.951011  0.005936  0.027275
 0.927731  0.015454  0.027464  0.029350
 0.060126  0.577441  0.041462  0.320970
URL BLANK

MOTIF C079:BCL_RUNX:Runt
letter-probability matrix: alength= 4 w= 7 nsites= 1 E= 0
 0.722151  0.064618  0.142809  0.070422
 0.872321  0.054726  0.064378  0.008575
 0.024264  0.952297  0.011846  0.011594
 0.012793  0.973155  0.006130  0.007923
 0.573951  0.019810  0.211966  0.194274
 0.022998  0.947650  0.020583  0.008769
 0.920736  0.028795  0.025697  0.024772
URL BLANK

MOTIF C080:IRF_ZBED:BED_ZF
letter-probability matrix: alength= 4 w= 7 nsites= 1 E= 0
 0.016191  0.953066  0.020276  0.010467
 0.016168  0.009017  0.971230  0.003586
 0.975870  0.005012  0.011180  0.007939
 0.922077  0.005012  0.004775  0.068136
 0.932449  0.036237  0.018988  0.012325
 0.006554  0.966907  0.018829  0.007710
 0.046686  0.437595  0.019388  0.496331
URL BLANK

MOTIF C081:IRF_STAT:IRF
letter-probability matrix: alength= 4 w= 10 nsites= 1 E= 0
 0.094112  0.041015  0.814775  0.050098
 0.883683  0.049975  0.044593  0.021749
 0.959303  0.005543  0.005621  0.029534
 0.978061  0.005062  0.008775  0.008101
 0.103843  0.669906  0.192695  0.033556
 0.191727  0.512054  0.027154  0.269065
 0.039098  0.008918  0.946466  0.005518
 0.964570  0.014256  0.014460  0.006714
 0.955569  0.006092  0.014752  0.023586
 0.925389  0.031354  0.014614  0.028643
URL BLANK

MOTIF C082:PRDM_ZNF:C2H2_ZF
letter-probability matrix: alength= 4 w= 7 nsites= 1 E= 0
 0.022931  0.004112  0.638865  0.334092
 0.775292  0.066027  0.094197  0.064484
 0.057340  0.003364  0.925388  0.013908
 0.969712  0.006554  0.005896  0.017837
 0.944603  0.010611  0.023630  0.021156
 0.873785  0.008944  0.099209  0.018062
 0.029471  0.012817  0.929906  0.027806
URL BLANK

MOTIF C083:NR3C_PGR:Nuclear_receptor
letter-probability matrix: alength= 4 w= 13 nsites= 1 E= 0
 0.064617  0.055759  0.822810  0.056814
 0.436291  0.096388  0.142184  0.325137
 0.978121  0.005873  0.006612  0.009394
 0.006507  0.968926  0.012142  0.012425
 0.919632  0.010245  0.052646  0.017477
 0.202619  0.349922  0.143836  0.303623
 0.361398  0.198136  0.203988  0.236478
 0.379878  0.146755  0.318472  0.154896
 0.018983  0.053837  0.011573  0.915607
 0.013439  0.010324  0.970589  0.005648
 0.007137  0.009831  0.006154  0.976878
 0.293603  0.157328  0.097954  0.451115
 0.055524  0.826483  0.052923  0.065070
URL BLANK

MOTIF C084:ZNF:C2H2_ZF
letter-probability matrix: alength= 4 w= 8 nsites= 1 E= 0
 0.093282  0.090867  0.725993  0.089858
 0.040979  0.059385  0.867952  0.031684
 0.624679  0.195182  0.015258  0.164881
 0.938654  0.016525  0.029189  0.015632
 0.016072  0.920006  0.040345  0.023577
 0.929378  0.018897  0.038164  0.013561
 0.010356  0.013625  0.963175  0.012845
 0.085955  0.844624  0.025274  0.044147
URL BLANK

MOTIF C085:HIC:C2H2_ZF
letter-probability matrix: alength= 4 w= 5 nsites= 1 E= 0
 0.002681  0.029928  0.003157  0.964235
 0.079255  0.053150  0.847588  0.020008
 0.004570  0.988597  0.006833  0.000000
 0.044320  0.945779  0.001385  0.008516
 0.547501  0.438374  0.000132  0.013993
URL BLANK

MOTIF C086:NFI_TLX:SMAD
letter-probability matrix: alength= 4 w= 13 nsites= 1 E= 0
 0.075040  0.074962  0.109801  0.740196
 0.071914  0.071784  0.784614  0.071687
 0.072190  0.085244  0.770607  0.071958
 0.107283  0.745840  0.073175  0.073702
 0.417669  0.151642  0.215957  0.214732
 0.201055  0.339407  0.198157  0.261381
 0.224991  0.258424  0.299263  0.217322
 0.246727  0.218047  0.341895  0.193331
 0.090909  0.079254  0.080243  0.749594
 0.042820  0.037671  0.872075  0.047434
 0.039801  0.882759  0.038463  0.038977
 0.037269  0.885382  0.037658  0.039691
 0.855764  0.056676  0.040920  0.046640
URL BLANK

MOTIF C087:MAF_NRL:bZIP
letter-probability matrix: alength= 4 w= 10 nsites= 1 E= 0
