MEME version 4

ALPHABET= ACGT

strands: + -

Background letter frequencies (from uniform background):
A 0.25000 C 0.25000 G 0.25000 T 0.25000 

MOTIF AC0001:GATA_PROP:GATA AC0001:GATA_PROP:GATA

letter-probability matrix: alength= 4 w= 13 nsites= 20 E= 0
  0.676859	  0.103120	  0.104093	  0.115927	
  0.023893	  0.035573	  0.009097	  0.931437	
  0.934550	  0.021763	  0.019600	  0.024087	
  0.917327	  0.041030	  0.018193	  0.023450	
  0.038483	  0.317794	  0.210558	  0.433165	
  0.190786	  0.100360	  0.553218	  0.155636	
  0.303647	  0.276917	  0.157037	  0.262400	
  0.193229	  0.356892	  0.190209	  0.259669	
  0.486882	  0.219741	  0.239644	  0.053733	
  0.021013	  0.020403	  0.043023	  0.915561	
  0.026120	  0.019233	  0.026153	  0.928494	
  0.917833	  0.008397	  0.043430	  0.030340	
  0.112230	  0.107057	  0.106463	  0.674251	

MOTIF AC0002:PROP_ALX:Homeodomain AC0002:PROP_ALX:Homeodomain

letter-probability matrix: alength= 4 w= 11 nsites= 20 E= 0
  0.070020	  0.039968	  0.011852	  0.878160	
  0.737015	  0.006383	  0.210664	  0.045937	
  0.991269	  0.002983	  0.002646	  0.003102	
  0.012670	  0.044178	  0.013890	  0.929262	
  0.024947	  0.111357	  0.062462	  0.801234	
  0.491825	  0.106176	  0.245316	  0.156683	
  0.388738	  0.163204	  0.414210	  0.033848	
  0.696075	  0.035808	  0.214818	  0.053300	
  0.005811	  0.009027	  0.005716	  0.979446	
  0.039457	  0.104083	  0.010127	  0.846333	
  0.813842	  0.023174	  0.061061	  0.101923	

MOTIF AC0003:HNF1A_HNF1B:Homeodomain AC0003:HNF1A_HNF1B:Homeodomain

letter-probability matrix: alength= 4 w= 12 nsites= 20 E= 0
  0.043390	  0.101613	  0.085711	  0.769286	
  0.121847	  0.146660	  0.046618	  0.684875	
  0.949010	  0.011809	  0.030862	  0.008319	
  0.842458	  0.063088	  0.020894	  0.073560	
  0.098126	  0.017778	  0.012976	  0.871120	
  0.272067	  0.213304	  0.348447	  0.166182	
  0.828818	  0.002082	  0.032306	  0.136794	
  0.050111	  0.018913	  0.059806	  0.871170	
  0.008976	  0.027477	  0.001556	  0.961991	
  0.799415	  0.018407	  0.092076	  0.090102	
  0.858469	  0.055420	  0.065752	  0.020359	
  0.051574	  0.853694	  0.024065	  0.070667	

MOTIF AC0004:ZSCAN:C2H2_ZF AC0004:ZSCAN:C2H2_ZF

letter-probability matrix: alength= 4 w= 14 nsites= 20 E= 0
  0.045050	  0.830650	  0.027755	  0.096545	
  0.946450	  0.017965	  0.023565	  0.012020	
  0.003235	  0.000000	  0.066100	  0.930665	
  0.037160	  0.015575	  0.947150	  0.000115	
  0.000395	  0.026730	  0.000500	  0.972375	
  0.000640	  0.000060	  0.998795	  0.000505	
  0.027480	  0.972465	  0.000000	  0.000055	
  0.000000	  0.000290	  0.000000	  0.999710	
  0.981575	  0.017090	  0.000055	  0.001280	
  0.990570	  0.000000	  0.009370	  0.000060	
  0.000115	  0.060000	  0.000000	  0.939885	
  0.009440	  0.048450	  0.002060	  0.940050	
  0.935975	  0.013145	  0.050880	  0.000000	
  0.000445	  0.994320	  0.000000	  0.005235	

MOTIF AC0005:POU3F_POU1F:Homeodomain+POU AC0005:POU3F_POU1F:Homeodomain+POU

letter-probability matrix: alength= 4 w= 11 nsites= 20 E= 0
  0.028714	  0.009164	  0.001321	  0.960801	
  0.989711	  0.001851	  0.005834	  0.002604	
  0.997031	  0.001043	  0.001073	  0.000853	
  0.000439	  0.010054	  0.002120	  0.987387	
  0.014909	  0.040320	  0.779626	  0.165145	
  0.932318	  0.005882	  0.032534	  0.029266	
  0.010606	  0.100105	  0.504943	  0.384346	
  0.966061	  0.006411	  0.017753	  0.009775	
  0.001870	  0.003164	  0.003369	  0.991597	
  0.022515	  0.002735	  0.919093	  0.055657	
  0.004801	  0.944495	  0.012714	  0.037990	

MOTIF AC0006:MEOX:Homeodomain AC0006:MEOX:Homeodomain

letter-probability matrix: alength= 4 w= 12 nsites= 20 E= 0
  0.043350	  0.027290	  0.014150	  0.915211	
  0.807730	  0.003370	  0.158280	  0.030620	
  0.982520	  0.003860	  0.003740	  0.009880	
  0.006090	  0.019110	  0.001430	  0.973370	
  0.011510	  0.001450	  0.788510	  0.198530	
  0.984070	  0.002290	  0.012070	  0.001570	
  0.000850	  0.006300	  0.004970	  0.987880	
  0.142141	  0.011030	  0.817538	  0.029290	
  0.983820	  0.007850	  0.003260	  0.005070	
  0.003980	  0.009160	  0.003980	  0.982880	
  0.037890	  0.014990	  0.407900	  0.539220	
  0.809812	  0.011530	  0.133049	  0.045610	

MOTIF AC0007:BARX_NKX:Homeodomain AC0007:BARX_NKX:Homeodomain

letter-probability matrix: alength= 4 w= 14 nsites= 20 E= 0
  0.145858	  0.018726	  0.028750	  0.806666	
  0.876838	  0.012454	  0.095078	  0.015630	
  0.993778	  0.001590	  0.002484	  0.002148	
  0.023046	  0.192731	  0.056790	  0.727433	
  0.049498	  0.165006	  0.490491	  0.295005	
  0.326739	  0.052214	  0.527317	  0.093730	
  0.103697	  0.160891	  0.193445	  0.541967	
  0.228792	  0.067248	  0.046560	  0.657401	
  0.411065	  0.022434	  0.028780	  0.537721	
  0.320795	  0.085868	  0.082252	  0.511086	
  0.233325	  0.167171	  0.157287	  0.442217	
  0.184934	  0.172452	  0.161226	  0.481387	
  0.462162	  0.172134	  0.206680	  0.159024	
  0.544199	  0.150360	  0.153610	  0.151830	

MOTIF AC0008:VENTX:Homeodomain AC0008:VENTX:Homeodomain

letter-probability matrix: alength= 4 w= 17 nsites= 20 E= 0
  0.005550	  0.000910	  0.002040	  0.991500	
  0.989340	  0.002680	  0.006980	  0.001000	
  0.985940	  0.006400	  0.006590	  0.001070	
  0.000970	  0.002560	  0.004610	  0.991860	
  0.005800	  0.504525	  0.373766	  0.115909	
  0.037120	  0.041020	  0.904819	  0.017040	
  0.288787	  0.067159	  0.622404	  0.021650	
  0.709157	  0.002540	  0.012970	  0.275333	
  0.885691	  0.002650	  0.003100	  0.108559	
  0.879121	  0.017480	  0.002900	  0.100499	
  0.597340	  0.231000	  0.153650	  0.018010	
  0.005560	  0.988270	  0.003250	  0.002920	
  0.065780	  0.059470	  0.873630	  0.001120	
  0.989600	  0.007100	  0.000750	  0.002550	
  0.000910	  0.000460	  0.001540	  0.997090	
  0.000660	  0.001650	  0.000660	  0.997030	
  0.990370	  0.000820	  0.001450	  0.007360	

MOTIF AC0009:PAX_VSX:Homeodomain AC0009:PAX_VSX:Homeodomain

letter-probability matrix: alength= 4 w= 6 nsites= 20 E= 0
  0.113577	  0.102567	  0.041327	  0.742529	
  0.717911	  0.065410	  0.145784	  0.070895	
  0.881651	  0.032571	  0.035830	  0.049948	
  0.064193	  0.091716	  0.089219	  0.754872	
  0.128381	  0.115381	  0.228460	  0.527778	
  0.432561	  0.100562	  0.334065	  0.132812	

MOTIF AC0010:DLX_LHX:Homeodomain AC0010:DLX_LHX:Homeodomain

letter-probability matrix: alength= 4 w= 6 nsites= 20 E= 0
  0.026034	  0.054165	  0.010981	  0.908820	
  0.879332	  0.056719	  0.043934	  0.020015	
  0.989605	  0.002987	  0.003573	  0.003835	
  0.012267	  0.013605	  0.015924	  0.958204	
  0.024895	  0.058160	  0.147516	  0.769429	
  0.580228	  0.016996	  0.369075	  0.033701	

MOTIF AC0011:POU6F_NKX:Homeodomain AC0011:POU6F_NKX:Homeodomain

letter-probability matrix: alength= 4 w= 7 nsites= 20 E= 0
  0.044177	  0.072814	  0.012083	  0.870926	
  0.876841	  0.036015	  0.069213	  0.017931	
  0.968518	  0.002620	  0.018381	  0.010481	
  0.007593	  0.074367	  0.032635	  0.885405	
  0.044785	  0.050171	  0.724959	  0.180085	
  0.721706	  0.033125	  0.184251	  0.060918	
  0.033585	  0.182298	  0.594503	  0.189614	

MOTIF AC0012:SATB:Homeodomain AC0012:SATB:Homeodomain

letter-probability matrix: alength= 4 w= 7 nsites= 20 E= 0
  0.007660	  0.967800	  0.004090	  0.020450	
  0.014380	  0.005700	  0.001080	  0.978840	
  0.983810	  0.004790	  0.006460	  0.004940	
  0.955700	  0.003360	  0.003510	  0.037430	
  0.008420	  0.003740	  0.003590	  0.984250	
  0.935280	  0.014170	  0.025980	  0.024570	
  0.895869	  0.025740	  0.031290	  0.047100	

MOTIF AC0013:SIX:Homeodomain AC0013:SIX:Homeodomain

letter-probability matrix: alength= 4 w= 6 nsites= 20 E= 0
  0.072298	  0.348402	  0.082952	  0.496348	
  0.097836	  0.052625	  0.777248	  0.072291	
  0.832046	  0.046690	  0.054733	  0.066531	
  0.017476	  0.119738	  0.037424	  0.825362	
  0.789445	  0.149143	  0.046696	  0.014716	
  0.038211	  0.608273	  0.144775	  0.208741	

MOTIF AC0014:BATF_FOSL:bZIP AC0014:BATF_FOSL:bZIP

letter-probability matrix: alength= 4 w= 8 nsites= 20 E= 0
  0.697226	  0.095478	  0.166726	  0.040570	
  0.005532	  0.181452	  0.043140	  0.769876	
  0.024542	  0.080414	  0.868788	  0.026256	
  0.765018	  0.078694	  0.079220	  0.077068	
  0.006342	  0.754758	  0.005466	  0.233434	
  0.781634	  0.018140	  0.190598	  0.009628	
  0.031990	  0.848256	  0.054260	  0.065494	
  0.258706	  0.097074	  0.504834	  0.139386	

MOTIF AC0015:RUNX:Runt AC0015:RUNX:Runt

letter-probability matrix: alength= 4 w= 8 nsites= 20 E= 0
  0.645073	  0.088063	  0.175039	  0.091825	
  0.885905	  0.045588	  0.061582	  0.006925	
  0.005321	  0.986259	  0.004212	  0.004208	
  0.006229	  0.986071	  0.005244	  0.002456	
  0.552380	  0.011252	  0.370584	  0.065784	
  0.011736	  0.968522	  0.008086	  0.011656	
  0.898678	  0.032965	  0.025265	  0.043092	
  0.524085	  0.107529	  0.256301	  0.112085	

MOTIF AC0016:KLF:C2H2_ZF AC0016:KLF:C2H2_ZF

letter-probability matrix: alength= 4 w= 10 nsites= 20 E= 0
  0.582700	  0.005630	  0.409880	  0.001790	
  0.007740	  0.718590	  0.272640	  0.001030	
  0.000250	  0.997760	  0.000870	  0.001120	
  0.024350	  0.005560	  0.970090	  0.000000	
  0.009880	  0.985270	  0.000740	  0.004110	
  0.977890	  0.013520	  0.000490	  0.008100	
  0.243670	  0.028620	  0.724690	  0.003020	
  0.001240	  0.997770	  0.000990	  0.000000	
  0.000190	  0.999000	  0.000750	  0.000060	
  0.001730	  0.990430	  0.001360	  0.006480	

MOTIF AC0017:RUNX:Runt AC0017:RUNX:Runt

letter-probability matrix: alength= 4 w= 15 nsites= 20 E= 0
  0.906356	  0.037622	  0.049465	  0.006557	
  0.002547	  0.993754	  0.002282	  0.001417	
  0.006730	  0.989045	  0.002402	  0.001823	
  0.428941	  0.003792	  0.550169	  0.017098	
  0.002400	  0.990820	  0.002683	  0.004097	
  0.741622	  0.031832	  0.194863	  0.031683	
  0.635882	  0.048562	  0.182679	  0.132877	
  0.694597	  0.034155	  0.052443	  0.218805	
  0.845604	  0.022340	  0.053343	  0.078713	
  0.912793	  0.033800	  0.047287	  0.006120	
  0.009920	  0.974112	  0.010063	  0.005905	
  0.006713	  0.982592	  0.007925	  0.002770	
  0.459768	  0.012542	  0.505682	  0.022008	
  0.011010	  0.961213	  0.006610	  0.021167	
  0.693738	  0.030830	  0.240570	  0.034862	

MOTIF AC0018:ZBTB:C2H2_ZF AC0018:ZBTB:C2H2_ZF

letter-probability matrix: alength= 4 w= 14 nsites= 20 E= 0
  0.614884	  0.067089	  0.289857	  0.028170	
  0.024970	  0.904570	  0.037560	  0.032900	
  0.010570	  0.679187	  0.303863	  0.006380	
  0.241220	  0.030370	  0.722060	  0.006350	
  0.129170	  0.565680	  0.147120	  0.158030	
  0.285190	  0.115760	  0.541930	  0.057120	
  0.304580	  0.321730	  0.130280	  0.243410	
  0.164360	  0.183310	  0.091910	  0.560420	
  0.139579	  0.562054	  0.041520	  0.256847	
  0.731000	  0.030160	  0.224970	  0.013870	
  0.028630	  0.928431	  0.021230	  0.021710	
  0.017780	  0.875110	  0.084090	  0.023020	
  0.230990	  0.023120	  0.729260	  0.016630	
  0.080760	  0.639310	  0.103400	  0.176530	

MOTIF AC0019:AIRE:SAND AC0019:AIRE:SAND

letter-probability matrix: alength= 4 w= 15 nsites= 20 E= 0
  0.363640	  0.159090	  0.022730	  0.454540	
  0.568180	  0.181820	  0.181820	  0.068180	
  0.431820	  0.250000	  0.090910	  0.227270	
  0.022730	  0.977270	  0.000000	  0.000000	
  0.090910	  0.886360	  0.022730	  0.000000	
  0.568186	  0.068181	  0.136361	  0.227272	
  0.500000	  0.068180	  0.045460	  0.386360	
  0.250000	  0.136360	  0.090910	  0.522730	
  0.454545	  0.136361	  0.068181	  0.340913	
  0.363640	  0.136360	  0.136360	  0.363640	
  0.500000	  0.022730	  0.090910	  0.386360	
  0.613634	  0.022730	  0.045460	  0.318177	
  0.181820	  0.818180	  0.000000	  0.000000	
  0.068180	  0.886360	  0.000000	  0.045460	
  0.522730	  0.204550	  0.136360	  0.136360	

MOTIF AC0020:CENPB:CENPB AC0020:CENPB:CENPB

letter-probability matrix: alength= 4 w= 15 nsites= 20 E= 0
  0.097829	  0.796912	  0.000430	  0.104829	
  0.017160	  0.957440	  0.000690	  0.024710	
  0.000360	  0.996960	  0.000180	  0.002500	
  0.028140	  0.030250	  0.907460	  0.034150	
  0.001250	  0.582956	  0.148661	  0.267133	
  0.395880	  0.112720	  0.205560	  0.285840	
  0.047070	  0.068620	  0.000000	  0.884310	
  0.305730	  0.293550	  0.207350	  0.193370	
  0.231720	  0.316670	  0.265050	  0.186560	
  0.388530	  0.147310	  0.136200	  0.327960	
  0.536535	  0.101019	  0.275547	  0.086899	
  0.047530	  0.933890	  0.001840	  0.016740	
  0.133400	  0.013000	  0.853600	  0.000000	
  0.686680	  0.071620	  0.007510	  0.234190	
  0.910870	  0.046690	  0.009630	  0.032810	

MOTIF AC0021:ZNF:C2H2_ZF AC0021:ZNF:C2H2_ZF

letter-probability matrix: alength= 4 w= 15 nsites= 20 E= 0
  0.066023	  0.774787	  0.098317	  0.060873	
  0.073220	  0.198787	  0.073920	  0.654073	
  0.056003	  0.270588	  0.153622	  0.519787	
  0.515416	  0.133017	  0.242687	  0.108880	
  0.494404	  0.343831	  0.141477	  0.020287	
  0.018593	  0.890933	  0.029667	  0.060807	
  0.030840	  0.810109	  0.074897	  0.084153	
  0.014703	  0.019350	  0.010060	  0.955887	
  0.001387	  0.961007	  0.016293	  0.021313	
  0.003730	  0.010017	  0.021860	  0.964393	
  0.000600	  0.988013	  0.008430	  0.002957	
  0.004530	  0.001443	  0.006130	  0.987897	
  0.002230	  0.012317	  0.980136	  0.005317	
  0.409314	  0.018593	  0.291508	  0.280585	
  0.096826	  0.022227	  0.712478	  0.168469	

MOTIF AC0022:ZNF:C2H2_ZF AC0022:ZNF:C2H2_ZF

letter-probability matrix: alength= 4 w= 12 nsites= 20 E= 0
  0.016980	  0.005270	  0.967800	  0.009950	
  0.002930	  0.986530	  0.000590	  0.009950	
  0.000590	  0.002930	  0.000590	  0.995890	
  0.024000	  0.002930	  0.956090	  0.016980	
  0.087239	  0.000590	  0.909241	  0.002930	
  0.009950	  0.009950	  0.970150	  0.009950	
  0.998230	  0.000590	  0.000590	  0.000590	
  0.007610	  0.000590	  0.988870	  0.002930	
  0.021660	  0.002930	  0.972480	  0.002930	
  0.000590	  0.998230	  0.000590	  0.000590	
  0.000590	  0.000590	  0.000590	  0.998230	
  0.965460	  0.005270	  0.019320	  0.009950	

MOTIF AC0023:ZNF:C2H2_ZF AC0023:ZNF:C2H2_ZF

letter-probability matrix: alength= 4 w= 13 nsites= 20 E= 0
  0.170650	  0.070210	  0.652095	  0.107045	
  0.216591	  0.770159	  0.010415	  0.002835	
  0.004505	  0.988430	  0.006945	  0.000120	
  0.000000	  0.005880	  0.002520	  0.991600	
  0.000000	  0.990780	  0.005990	  0.003230	
  0.816325	  0.052395	  0.104165	  0.027115	
  0.136180	  0.000000	  0.847460	  0.016360	
  0.006105	  0.054516	  0.003815	  0.935564	
  0.026780	  0.021585	  0.073915	  0.877721	
  0.016405	  0.014980	  0.067985	  0.900630	
  0.538853	  0.418022	  0.030880	  0.012245	
  0.019540	  0.902705	  0.031345	  0.046410	
  0.096250	  0.800649	  0.067940	  0.035160	

MOTIF AC0024:ZNF:C2H2_ZF AC0024:ZNF:C2H2_ZF

letter-probability matrix: alength= 4 w= 9 nsites= 20 E= 0
  0.002480	  0.035675	  0.008280	  0.953565	
  0.004060	  0.823640	  0.005645	  0.166655	
  0.126786	  0.015035	  0.857284	  0.000895	
  0.914370	  0.001950	  0.079620	  0.004060	
  0.019700	  0.953695	  0.021490	  0.005115	
  0.000895	  0.994145	  0.001425	  0.003535	
  0.000895	  0.005015	  0.001425	  0.992665	
  0.001950	  0.992565	  0.003535	  0.001950	
  0.041325	  0.816190	  0.004060	  0.138425	

MOTIF AC0025:ZNF:C2H2_ZF AC0025:ZNF:C2H2_ZF

letter-probability matrix: alength= 4 w= 13 nsites= 20 E= 0
  0.100000	  0.050000	  0.750000	  0.100000	
  0.050000	  0.950000	  0.000000	  0.000000	
  0.000000	  0.050000	  0.000000	  0.950000	
  0.000000	  0.750000	  0.000000	  0.250000	
  0.350000	  0.150000	  0.500000	  0.000000	
  1.000000	  0.000000	  0.000000	  0.000000	
  0.000000	  0.950000	  0.050000	  0.000000	
  0.000000	  0.800000	  0.100000	  0.100000	
  0.000000	  0.150000	  0.000000	  0.850000	
  0.000000	  0.900000	  0.100000	  0.000000	
  0.900000	  0.000000	  0.000000	  0.100000	
  0.700000	  0.050000	  0.200000	  0.050000	
  0.450000	  0.000000	  0.300000	  0.250000	

MOTIF AC0026:ZKSCAN:C2H2_ZF AC0026:ZKSCAN:C2H2_ZF

letter-probability matrix: alength= 4 w= 9 nsites= 20 E= 0
  0.021803	  0.960837	  0.010320	  0.007040	
  0.075183	  0.886670	  0.009160	  0.028987	
  0.006330	  0.130263	  0.026603	  0.836804	
  0.965000	  0.015333	  0.010667	  0.009000	
  0.023970	  0.945453	  0.018270	  0.012307	
  0.018667	  0.015753	  0.005883	  0.959697	
  0.567967	  0.042470	  0.374390	  0.015173	
  0.145290	  0.162660	  0.083783	  0.608268	
  0.113000	  0.134333	  0.625000	  0.127667	

MOTIF AC0027:ZNF:C2H2_ZF AC0027:ZNF:C2H2_ZF

letter-probability matrix: alength= 4 w= 18 nsites= 20 E= 0
  0.000570	  0.002860	  0.000570	  0.996000	
  0.002860	  0.000570	  0.002860	  0.993710	
  0.018880	  0.018880	  0.012010	  0.950230	
  0.929630	  0.034900	  0.016590	  0.018880	
  0.934210	  0.000570	  0.037190	  0.028030	
  0.039470	  0.005150	  0.927350	  0.028030	
  0.030320	  0.826660	  0.053200	  0.089820	
  0.021170	  0.927341	  0.005150	  0.046340	
  0.016590	  0.842680	  0.000570	  0.140160	
  0.890730	  0.016590	  0.069220	  0.023460	
  0.012010	  0.856410	  0.028030	  0.103550	
  0.032610	  0.023460	  0.014300	  0.929630	
  0.071510	  0.014300	  0.881580	  0.032610	
  0.000570	  0.002860	  0.000570	  0.996000	
  0.002860	  0.014300	  0.002860	  0.979980	
  0.039470	  0.009720	  0.945659	  0.005150	
  0.984560	  0.000570	  0.012010	  0.002860	
  0.000570	  0.000570	  0.998290	  0.000570	

MOTIF AC0028:KLF:C2H2_ZF AC0028:KLF:C2H2_ZF

letter-probability matrix: alength= 4 w= 7 nsites= 20 E= 0
  0.181818	  0.545455	  0.090909	  0.181818	
  0.181820	  0.636360	  0.090910	  0.090910	
  0.090910	  0.636360	  0.090910	  0.181820	
  0.818180	  0.000000	  0.181820	  0.000000	
  0.000000	  0.818180	  0.090910	  0.090910	
  0.181820	  0.000000	  0.181820	  0.636360	
  0.090910	  0.000000	  0.727270	  0.181820	

MOTIF AC0029:ZNF:C2H2_ZF AC0029:ZNF:C2H2_ZF

letter-probability matrix: alength= 4 w= 14 nsites= 20 E= 0
  0.018060	  0.018060	  0.876450	  0.087430	
  0.685690	  0.075870	  0.217490	  0.020950	
  0.055640	  0.515170	  0.084540	  0.344650	
  0.778180	  0.038300	  0.133670	  0.049850	
  0.000720	  0.992060	  0.000720	  0.006500	
  0.408240	  0.015170	  0.171240	  0.405350	
  0.009390	  0.000720	  0.986280	  0.003610	
  0.003610	  0.003610	  0.983390	  0.009390	
  0.217488	  0.000720	  0.737713	  0.044080	
  0.041180	  0.006500	  0.942929	  0.009390	
  0.000720	  0.951590	  0.009390	  0.038300	
  0.341763	  0.483385	  0.026730	  0.148121	
  0.604770	  0.041180	  0.220380	  0.133670	
  0.015170	  0.792630	  0.061420	  0.130780	

MOTIF AC0030:ZNF:C2H2_ZF AC0030:ZNF:C2H2_ZF

letter-probability matrix: alength= 4 w= 7 nsites= 20 E= 0
  0.000000	  1.000000	  0.000000	  0.000000	
  0.000000	  0.000000	  0.000000	  1.000000	
  0.000000	  0.000000	  1.000000	  0.000000	
  0.000000	  0.000000	  0.750000	  0.250000	
  0.000000	  0.000000	  1.000000	  0.000000	
  0.375000	  0.000000	  0.500000	  0.125000	
  0.000000	  1.000000	  0.000000	  0.000000	

MOTIF AC0031:POU3F_POU2F:Homeodomain+POU AC0031:POU3F_POU2F:Homeodomain+POU

letter-probability matrix: alength= 4 w= 10 nsites= 20 E= 0
  0.147089	  0.144498	  0.083819	  0.624593	
  0.914071	  0.010013	  0.048710	  0.027206	
  0.019874	  0.010260	  0.010630	  0.959236	
  0.056265	  0.018255	  0.879315	  0.046165	
  0.023276	  0.863034	  0.014881	  0.098809	
  0.106156	  0.014468	  0.869642	  0.009734	
  0.045110	  0.878095	  0.033798	  0.042997	
  0.897881	  0.025381	  0.062956	  0.013782	
  0.045486	  0.068322	  0.012688	  0.873504	
  0.666256	  0.098159	  0.117755	  0.117830	

MOTIF AC0032:SIX_ZNF:Homeodomain AC0032:SIX_ZNF:Homeodomain

letter-probability matrix: alength= 4 w= 11 nsites= 20 E= 0
  0.031667	  0.011828	  0.929438	  0.027067	
  0.394814	  0.065697	  0.051620	  0.487869	
  0.877375	  0.056165	  0.010942	  0.055518	
  0.978477	  0.006873	  0.006965	  0.007685	
  0.035823	  0.664605	  0.040837	  0.258735	
  0.189248	  0.532475	  0.085762	  0.192516	
  0.066195	  0.206785	  0.063108	  0.663912	
  0.104097	  0.015478	  0.831537	  0.048888	
  0.977988	  0.004795	  0.007525	  0.009692	
  0.071583	  0.236792	  0.220217	  0.471408	
  0.595963	  0.293457	  0.049375	  0.061205	

MOTIF AC0033:PRDM:C2H2_ZF AC0033:PRDM:C2H2_ZF

letter-probability matrix: alength= 4 w= 10 nsites= 20 E= 0
  0.052515	  0.078510	  0.845470	  0.023505	
  0.020000	  0.049500	  0.823000	  0.107500	
  0.133500	  0.023000	  0.144500	  0.699000	
  0.014000	  0.881000	  0.042000	  0.063000	
  0.051030	  0.320635	  0.005500	  0.622835	
  0.001500	  0.844419	  0.070540	  0.083540	
  0.004500	  0.003500	  0.002500	  0.989500	
  0.982500	  0.005500	  0.005500	  0.006500	
  0.767500	  0.037000	  0.022500	  0.173000	
  0.060500	  0.649500	  0.191000	  0.099000	

MOTIF AC0034:NR2F_NR1H:Nuclear_receptor AC0034:NR2F_NR1H:Nuclear_receptor

letter-probability matrix: alength= 4 w= 13 nsites= 20 E= 0
  0.628943	  0.047025	  0.305531	  0.018501	
  0.022237	  0.011416	  0.910878	  0.055469	
  0.022392	  0.009595	  0.900393	  0.067620	
  0.017057	  0.059634	  0.071608	  0.851701	
  0.004342	  0.885228	  0.035261	  0.075169	
  0.742190	  0.029232	  0.211198	  0.017380	
  0.220952	  0.242260	  0.232604	  0.304185	
  0.008491	  0.247528	  0.020918	  0.723063	
  0.064397	  0.058760	  0.868128	  0.008715	
  0.865927	  0.088271	  0.034285	  0.011517	
  0.059208	  0.903734	  0.005700	  0.031358	
  0.053648	  0.911515	  0.012414	  0.022423	
  0.011024	  0.343516	  0.019563	  0.625897	

MOTIF AC0035:ZNF:C2H2_ZF AC0035:ZNF:C2H2_ZF

letter-probability matrix: alength= 4 w= 15 nsites= 20 E= 0
  0.732960	  0.070155	  0.106332	  0.090553	
  0.126736	  0.022032	  0.773058	  0.078174	
  0.017388	  0.005237	  0.898980	  0.078395	
  0.159017	  0.131455	  0.671469	  0.038058	
  0.058162	  0.926671	  0.006737	  0.008430	
  0.714000	  0.036893	  0.192107	  0.057000	
  0.001738	  0.946879	  0.043145	  0.008238	
  0.087230	  0.065510	  0.099278	  0.747981	
  0.784860	  0.037753	  0.125702	  0.051685	
  0.938125	  0.029810	  0.014040	  0.018025	
  0.005630	  0.268332	  0.012578	  0.713460	
  0.064525	  0.641896	  0.061435	  0.232144	
  0.124620	  0.594141	  0.117918	  0.163320	
  0.139233	  0.555924	  0.094438	  0.210405	
  0.456350	  0.194275	  0.175200	  0.174175	

MOTIF AC0036:BCL11A_BCL11B:C2H2_ZF AC0036:BCL11A_BCL11B:C2H2_ZF

letter-probability matrix: alength= 4 w= 6 nsites= 20 E= 0
  0.053297	  0.149155	  0.066050	  0.731498	
  0.017350	  0.038497	  0.922961	  0.021192	
  0.470449	  0.057718	  0.083238	  0.388594	
  0.017668	  0.946560	  0.017617	  0.018155	
  0.009890	  0.955528	  0.032777	  0.001805	
  0.544708	  0.139100	  0.225875	  0.090317	

MOTIF AC0037:ZNF:C2H2_ZF AC0037:ZNF:C2H2_ZF

letter-probability matrix: alength= 4 w= 11 nsites= 20 E= 0
  0.001560	  0.314063	  0.589066	  0.095311	
  0.082811	  0.489065	  0.426564	  0.001560	
  0.182812	  0.389064	  0.370314	  0.057811	
  0.001560	  0.764068	  0.232812	  0.001560	
  0.257813	  0.001560	  0.001560	  0.739067	
  0.001560	  0.001560	  0.995320	  0.001560	
  0.001560	  0.001560	  0.995320	  0.001560	
  0.201562	  0.282813	  0.445314	  0.070311	
  0.001560	  0.995320	  0.001560	  0.001560	
  0.620316	  0.170312	  0.082811	  0.126561	
  0.001560	  0.207812	  0.770318	  0.020310	

MOTIF AC0038:THAP:C2CH_THAP-ZF AC0038:THAP:C2CH_THAP-ZF

letter-probability matrix: alength= 4 w= 8 nsites= 20 E= 0
  0.092120	  0.186560	  0.615300	  0.106020	
  0.106799	  0.647154	  0.180188	  0.065859	
  0.913679	  0.042290	  0.042490	  0.001540	
  0.004250	  0.024530	  0.957510	  0.013710	
  0.007730	  0.035340	  0.944960	  0.011970	
  0.017570	  0.012940	  0.954430	  0.015060	
  0.018930	  0.938780	  0.020080	  0.022210	
  0.946310	  0.018350	  0.033220	  0.002120	

MOTIF AC0039:TFAP2A_TFAP2C:AP-2 AC0039:TFAP2A_TFAP2C:AP-2

letter-probability matrix: alength= 4 w= 11 nsites= 20 E= 0
  0.000000	  0.206338	  0.793662	  0.000000	
  0.000000	  1.000000	  0.000000	  0.000000	
  0.000000	  1.000000	  0.000000	  0.000000	
  0.030703	  0.785807	  0.056131	  0.127359	
  0.047290	  0.371259	  0.140534	  0.440917	
  0.131595	  0.328376	  0.327360	  0.212669	
  0.411594	  0.173465	  0.360890	  0.054051	
  0.172746	  0.055890	  0.742455	  0.028910	
  0.000000	  0.000000	  1.000000	  0.000000	
  0.000000	  0.000000	  1.000000	  0.000000	
  0.000000	  0.811913	  0.188087	  0.000000	

MOTIF AC0040:ZNF:C2H2_ZF AC0040:ZNF:C2H2_ZF

letter-probability matrix: alength= 4 w= 14 nsites= 20 E= 0
  0.000740	  0.218010	  0.176340	  0.604910	
  0.012650	  0.935270	  0.018600	  0.033480	
  0.003720	  0.991820	  0.000740	  0.003720	
  0.087051	  0.628726	  0.015620	  0.268603	
  0.048360	  0.712050	  0.045390	  0.194200	
  0.447174	  0.500745	  0.012650	  0.039430	
  0.372770	  0.057290	  0.551340	  0.018600	
  0.578120	  0.006700	  0.381700	  0.033480	
  0.241820	  0.000740	  0.756700	  0.000740	
  0.000740	  0.015620	  0.167412	  0.816228	
  0.000740	  0.997780	  0.000740	  0.000740	
  0.527530	  0.209080	  0.063240	  0.200150	
  0.006700	  0.069200	  0.015620	  0.908480	
  0.009670	  0.962060	  0.012650	  0.015620	

MOTIF AC0041:ZNF:C2H2_ZF AC0041:ZNF:C2H2_ZF

letter-probability matrix: alength= 4 w= 20 nsites= 20 E= 0
  0.209644	  0.404872	  0.164574	  0.220911	
  0.136461	  0.612925	  0.154981	  0.095633	
  0.094157	  0.621823	  0.122837	  0.161183	
  0.363387	  0.363637	  0.175713	  0.097263	
  0.059577	  0.431308	  0.186876	  0.322239	
  0.204661	  0.645532	  0.073877	  0.075930	
  0.460203	  0.081393	  0.398340	  0.060063	
  0.058147	  0.014660	  0.833430	  0.093763	
  0.096997	  0.015953	  0.734677	  0.152373	
  0.140840	  0.146377	  0.596711	  0.116073	
  0.005400	  0.967513	  0.019680	  0.007407	
  0.013430	  0.866883	  0.026220	  0.093467	
  0.145190	  0.373902	  0.246739	  0.234169	
  0.258001	  0.172751	  0.433901	  0.135347	
  0.033737	  0.010420	  0.939400	  0.016443	
  0.743360	  0.006403	  0.160500	  0.089737	
  0.100010	  0.030500	  0.836983	  0.032507	
  0.006403	  0.915031	  0.053353	  0.025213	
  0.019680	  0.842294	  0.020487	  0.117540	
  0.269783	  0.146177	  0.120047	  0.463993	

MOTIF AC0042:ZSCAN:C2H2_ZF AC0042:ZSCAN:C2H2_ZF

letter-probability matrix: alength= 4 w= 12 nsites= 20 E= 0
  0.134190	  0.744490	  0.119480	  0.001840	
  0.045960	  0.950360	  0.001840	  0.001840	
  0.443010	  0.053310	  0.075370	  0.428310	
  0.009190	  0.001840	  0.987130	  0.001840	
  0.001840	  0.619486	  0.318013	  0.060661	
  0.531250	  0.023900	  0.443010	  0.001840	
  0.031250	  0.001840	  0.965070	  0.001840	
  0.001840	  0.876831	  0.045960	  0.075369	
  0.001840	  0.979780	  0.009190	  0.009190	
  0.354780	  0.251840	  0.053310	  0.340070	
  0.031250	  0.273900	  0.332720	  0.362130	
  0.023900	  0.597424	  0.325367	  0.053309	

MOTIF AC0043:TFAP2A_TFAP2C:AP-2 AC0043:TFAP2A_TFAP2C:AP-2

letter-probability matrix: alength= 4 w= 9 nsites= 20 E= 0
  0.033038	  0.285696	  0.654657	  0.026609	
  0.004021	  0.956888	  0.032205	  0.006886	
  0.005208	  0.917354	  0.008923	  0.068515	
  0.030976	  0.315453	  0.109384	  0.544187	
  0.110623	  0.356065	  0.380872	  0.152441	
  0.543818	  0.132279	  0.290526	  0.033377	
  0.130525	  0.027752	  0.831336	  0.010387	
  0.010234	  0.019082	  0.962713	  0.007971	
  0.025955	  0.550833	  0.400606	  0.022606	

MOTIF AC0044:ZNF:C2H2_ZF AC0044:ZNF:C2H2_ZF

letter-probability matrix: alength= 4 w= 19 nsites= 20 E= 0
  0.025000	  0.748810	  0.139290	  0.086900	
  0.201190	  0.520240	  0.067860	  0.210710	
  0.067860	  0.205950	  0.272620	  0.453570	
  0.010710	  0.977390	  0.001190	  0.010710	
  0.029760	  0.396434	  0.086901	  0.486905	
  0.029760	  0.358334	  0.425004	  0.186902	
  0.001190	  0.982140	  0.001190	  0.015480	
  0.596430	  0.158330	  0.177380	  0.067860	
  0.010710	  0.810718	  0.144051	  0.034520	
  0.510715	  0.348813	  0.029760	  0.110711	
  0.144050	  0.158330	  0.382140	  0.315480	
  0.096430	  0.091670	  0.810710	  0.001190	
  0.001190	  0.958330	  0.039290	  0.001190	
  0.010710	  0.982150	  0.001190	  0.005950	
  0.082140	  0.225000	  0.439290	  0.253570	
  0.044050	  0.239290	  0.386900	  0.329760	
  0.148811	  0.482145	  0.158332	  0.210712	
  0.482145	  0.110711	  0.320243	  0.086901	
  0.010710	  0.215480	  0.629760	  0.144050	

MOTIF AC0045:ZNF:C2H2_ZF AC0045:ZNF:C2H2_ZF

letter-probability matrix: alength= 4 w= 14 nsites= 20 E= 0
  0.032295	  0.701769	  0.099280	  0.166656	
  0.103676	  0.049330	  0.030060	  0.816934	
  0.044710	  0.035070	  0.514450	  0.405770	
  0.027055	  0.839595	  0.068990	  0.064360	
  0.001000	  0.815075	  0.030295	  0.153630	
  0.038310	  0.900565	  0.004010	  0.057115	
  0.020040	  0.035690	  0.008015	  0.936255	
  0.030060	  0.006010	  0.942270	  0.021660	
  0.245746	  0.055110	  0.646038	  0.053105	
  0.074380	  0.051100	  0.810774	  0.063745	
  0.745640	  0.159170	  0.043085	  0.052105	
  0.078005	  0.392895	  0.209205	  0.319895	
  0.159490	  0.151385	  0.057115	  0.632010	
  0.099670	  0.162260	  0.062125	  0.675945	

MOTIF AC0046:EBF:Rel AC0046:EBF:Rel

letter-probability matrix: alength= 4 w= 10 nsites= 20 E= 0
  0.036455	  0.230159	  0.048070	  0.685316	
  0.010608	  0.971035	  0.006227	  0.012130	
  0.010157	  0.863773	  0.005495	  0.120575	
  0.009485	  0.954753	  0.006225	  0.029537	
  0.254321	  0.078717	  0.033908	  0.633055	
  0.163015	  0.034272	  0.471245	  0.331468	
  0.018732	  0.004407	  0.970946	  0.005915	
  0.092758	  0.004183	  0.890757	  0.012302	
  0.030203	  0.010752	  0.952210	  0.006835	
  0.706707	  0.060207	  0.188783	  0.044303	

MOTIF AC0047:ZNF:C2H2_ZF AC0047:ZNF:C2H2_ZF

letter-probability matrix: alength= 4 w= 13 nsites= 20 E= 0
  0.041560	  0.082480	  0.013430	  0.862530	
  0.049230	  0.005750	  0.885559	  0.059461	
  0.031330	  0.000640	  0.941820	  0.026210	
  0.033890	  0.000640	  0.946930	  0.018540	
  0.036440	  0.003200	  0.952050	  0.008310	
  0.008310	  0.005750	  0.985300	  0.000640	
  0.000640	  0.995520	  0.003200	  0.000640	
  0.000640	  0.000640	  0.000640	  0.998080	
  0.102940	  0.793480	  0.031330	  0.072250	
  0.322890	  0.264070	  0.374040	  0.039000	
  0.039000	  0.253840	  0.220590	  0.486570	
  0.212920	  0.568410	  0.087600	  0.131070	
  0.105500	  0.788360	  0.059460	  0.046680	

MOTIF AC0048:ZNF:C2H2_ZF AC0048:ZNF:C2H2_ZF

letter-probability matrix: alength= 4 w= 10 nsites= 20 E= 0
  0.023890	  0.000580	  0.974950	  0.000580	
  0.988930	  0.000580	  0.009910	  0.000580	
  0.256993	  0.000580	  0.741847	  0.000580	
  0.014570	  0.748837	  0.002910	  0.233682	
  0.026220	  0.807110	  0.079840	  0.086830	
  0.044870	  0.900350	  0.026220	  0.028560	
  0.000580	  0.981940	  0.000580	  0.016900	
  0.709203	  0.110139	  0.126459	  0.054199	
  0.930659	  0.000580	  0.065851	  0.002910	
  0.065850	  0.030890	  0.902680	  0.000580	

MOTIF AC0049:PLAGL:C2H2_ZF AC0049:PLAGL:C2H2_ZF

letter-probability matrix: alength= 4 w= 8 nsites= 20 E= 0
  0.039410	  0.039410	  0.813890	  0.107290	
  0.000025	  0.000025	  0.999925	  0.000025	
  0.000025	  0.151184	  0.848766	  0.000025	
  0.000025	  0.799610	  0.200340	  0.000025	
  0.000025	  0.999925	  0.000025	  0.000025	
  0.000025	  0.999925	  0.000025	  0.000025	
  0.000025	  0.925730	  0.000025	  0.074220	
  0.090464	  0.685513	  0.025480	  0.198543	

MOTIF AC0050:ZNF:C2H2_ZF AC0050:ZNF:C2H2_ZF

letter-probability matrix: alength= 4 w= 19 nsites= 20 E= 0
  0.085135	  0.092012	  0.447119	  0.375734	
  0.115043	  0.057673	  0.719831	  0.107453	
  0.011100	  0.010287	  0.966328	  0.012285	
  0.011905	  0.008955	  0.974782	  0.004358	
  0.310660	  0.026865	  0.442327	  0.220147	
  0.114850	  0.584333	  0.137045	  0.163772	
  0.104593	  0.778300	  0.041705	  0.075402	
  0.399442	  0.411800	  0.052692	  0.136067	
  0.285845	  0.039227	  0.552746	  0.122182	
  0.076105	  0.009035	  0.776538	  0.138322	
  0.010262	  0.000992	  0.983734	  0.005012	
  0.023338	  0.003295	  0.972917	  0.000450	
  0.026787	  0.017683	  0.939490	  0.016040	
  0.274689	  0.711900	  0.008578	  0.004833	
  0.275941	  0.581273	  0.036913	  0.105873	
  0.344147	  0.057815	  0.178110	  0.419928	
  0.314622	  0.084710	  0.514820	  0.085848	
  0.077035	  0.159595	  0.148433	  0.614937	
  0.064430	  0.082367	  0.750696	  0.102508	

MOTIF AC0051:PLAG:C2H2_ZF AC0051:PLAG:C2H2_ZF

letter-probability matrix: alength= 4 w= 14 nsites= 20 E= 0
  0.000000	  0.888890	  0.000000	  0.111110	
  0.111110	  0.888890	  0.000000	  0.000000	
  0.000000	  1.000000	  0.000000	  0.000000	
  0.000000	  1.000000	  0.000000	  0.000000	
  0.111110	  0.777780	  0.000000	  0.111110	
  0.000000	  0.111110	  0.277780	  0.611110	
  0.333330	  0.000000	  0.000000	  0.666670	
  0.166668	  0.055559	  0.555554	  0.222218	
  0.111110	  0.055560	  0.833330	  0.000000	
  0.000000	  0.222220	  0.777780	  0.000000	
  0.055560	  0.944440	  0.000000	  0.000000	
  0.000000	  1.000000	  0.000000	  0.000000	
  0.055559	  0.777772	  0.000000	  0.166668	
  0.000000	  1.000000	  0.000000	  0.000000	

MOTIF AC0052:ZNF:C2H2_ZF AC0052:ZNF:C2H2_ZF

letter-probability matrix: alength= 4 w= 12 nsites= 20 E= 0
  0.606774	  0.010870	  0.348467	  0.033890	
  0.023660	  0.916231	  0.046680	  0.013430	
  0.056901	  0.036440	  0.008310	  0.898349	
  0.085039	  0.803702	  0.023660	  0.087599	
  0.995520	  0.000640	  0.003200	  0.000640	
  0.036440	  0.923919	  0.010870	  0.028770	
  0.880430	  0.064580	  0.010870	  0.044120	
  0.013430	  0.003200	  0.931581	  0.051789	
  0.110610	  0.177110	  0.576090	  0.136190	
  0.062020	  0.427750	  0.128520	  0.381710	
  0.033890	  0.898340	  0.041560	  0.026210	
  0.044120	  0.747447	  0.026210	  0.182222	

MOTIF AC0053:ZNF:C2H2_ZF AC0053:ZNF:C2H2_ZF

letter-probability matrix: alength= 4 w= 8 nsites= 20 E= 0
  0.086080	  0.222375	  0.090945	  0.600600	
  0.733170	  0.070920	  0.122360	  0.073550	
  0.065660	  0.121145	  0.726935	  0.086260	
  0.004315	  0.029485	  0.958715	  0.007485	
  0.000000	  0.968985	  0.002765	  0.028250	
  0.087525	  0.716354	  0.078220	  0.117901	
  0.006895	  0.303088	  0.030410	  0.659607	
  0.726575	  0.071900	  0.129935	  0.071590	

MOTIF AC0054:ZFX_ZNF:C2H2_ZF AC0054:ZFX_ZNF:C2H2_ZF

letter-probability matrix: alength= 4 w= 6 nsites= 20 E= 0
  0.093080	  0.367863	  0.186949	  0.352108	
  0.887425	  0.001520	  0.087000	  0.024055	
  0.003555	  0.001520	  0.992390	  0.002535	
  0.003555	  0.013590	  0.980320	  0.002535	
  0.001520	  0.976445	  0.020035	  0.002000	
  0.005075	  0.984760	  0.001520	  0.008645	

MOTIF AC0055:ZNF:C2H2_ZF AC0055:ZNF:C2H2_ZF

letter-probability matrix: alength= 4 w= 12 nsites= 20 E= 0
  0.002610	  0.987990	  0.002610	  0.006790	
  0.002610	  0.992170	  0.000520	  0.004700	
  0.006790	  0.013050	  0.002610	  0.977550	
  0.006790	  0.960850	  0.013050	  0.019310	
  0.015140	  0.482775	  0.004700	  0.497385	
  0.453550	  0.004700	  0.503650	  0.038100	
  0.038100	  0.000520	  0.956680	  0.004700	
  0.017220	  0.002610	  0.969210	  0.010960	
  0.000520	  0.960860	  0.002610	  0.036010	
  0.004700	  0.975470	  0.000520	  0.019310	
  0.002610	  0.000520	  0.000520	  0.996350	
  0.050630	  0.004700	  0.927450	  0.017220	

MOTIF AC0056:ZNF_SP:C2H2_ZF AC0056:ZNF_SP:C2H2_ZF

letter-probability matrix: alength= 4 w= 10 nsites= 20 E= 0
  0.110040	  0.854713	  0.034840	  0.000407	
  0.023358	  0.210354	  0.010273	  0.756015	
  0.998779	  0.000407	  0.000407	  0.000407	
  0.000407	  0.019552	  0.979634	  0.000407	
  0.988162	  0.007323	  0.004108	  0.000407	
  0.059545	  0.009125	  0.927068	  0.004262	
  0.310676	  0.505694	  0.116555	  0.067075	
  0.037672	  0.016005	  0.925993	  0.020330	
  0.055477	  0.109753	  0.656232	  0.178538	
  0.145333	  0.780735	  0.008932	  0.065000	

MOTIF AC0057:ZBTB_ZNF:C2H2_ZF AC0057:ZBTB_ZNF:C2H2_ZF

letter-probability matrix: alength= 4 w= 11 nsites= 20 E= 0
  0.159110	  0.093173	  0.659034	  0.088683	
  0.031222	  0.045132	  0.819886	  0.103760	
  0.002272	  0.990063	  0.002228	  0.005437	
  0.006698	  0.001862	  0.003192	  0.988248	
  0.000888	  0.993724	  0.004415	  0.000973	
  0.202017	  0.557293	  0.014927	  0.225762	
  0.848957	  0.023433	  0.102602	  0.025008	
  0.008413	  0.040188	  0.609576	  0.341823	
  0.120717	  0.598812	  0.225173	  0.055298	
  0.449007	  0.079462	  0.260205	  0.211327	
  0.065372	  0.538169	  0.060622	  0.335837	

MOTIF AC0058:ZNF:C2H2_ZF AC0058:ZNF:C2H2_ZF

letter-probability matrix: alength= 4 w= 10 nsites= 20 E= 0
  0.000000	  1.000000	  0.000000	  0.000000	
  0.956520	  0.043480	  0.000000	  0.000000	
  0.000000	  0.000000	  0.347830	  0.652170	
  0.000000	  1.000000	  0.000000	  0.000000	
  0.000000	  0.043480	  0.000000	  0.956520	
  0.000000	  1.000000	  0.000000	  0.000000	
  0.086960	  0.913040	  0.000000	  0.000000	
  0.869570	  0.130430	  0.000000	  0.000000	
  0.173910	  0.000000	  0.826090	  0.000000	
  0.217390	  0.217390	  0.565220	  0.000000	

MOTIF AC0059:YY_ZFP:C2H2_ZF AC0059:YY_ZFP:C2H2_ZF

letter-probability matrix: alength= 4 w= 10 nsites= 20 E= 0
  0.766021	  0.056720	  0.112765	  0.064494	
  0.756111	  0.074685	  0.057149	  0.112055	
  0.385402	  0.154513	  0.355090	  0.104995	
  0.991521	  0.001201	  0.005212	  0.002066	
  0.003235	  0.004218	  0.004832	  0.987715	
  0.001709	  0.001186	  0.996015	  0.001090	
  0.006055	  0.005792	  0.963153	  0.025000	
  0.048831	  0.891032	  0.010113	  0.050024	
  0.045139	  0.204675	  0.566077	  0.184109	
  0.085583	  0.114257	  0.710475	  0.089685	

MOTIF AC0060:YY_MZF:C2H2_ZF AC0060:YY_MZF:C2H2_ZF

letter-probability matrix: alength= 4 w= 19 nsites= 20 E= 0
  0.099753	  0.794547	  0.094047	  0.011653	
  0.000000	  0.999937	  0.000000	  0.000063	
  0.994590	  0.004260	  0.000607	  0.000543	
  0.000063	  0.000743	  0.000063	  0.999131	
  0.066897	  0.276114	  0.067117	  0.589872	
  0.003757	  0.000060	  0.059227	  0.936956	
  0.000000	  0.000000	  0.000870	  0.999130	
  0.106944	  0.084271	  0.332645	  0.476140	
  0.217224	  0.098850	  0.536045	  0.147881	
  0.341733	  0.106553	  0.392123	  0.159590	
  0.092090	  0.525141	  0.174319	  0.208449	
  0.332291	  0.167054	  0.252831	  0.247824	
  0.355708	  0.151984	  0.179214	  0.313094	
  0.337418	  0.147106	  0.140382	  0.375094	
  0.283088	  0.162047	  0.180727	  0.374138	
  0.232598	  0.326278	  0.137653	  0.303471	
  0.172510	  0.088397	  0.643180	  0.095913	
  0.088600	  0.088780	  0.087567	  0.735052	
  0.087154	  0.088228	  0.740748	  0.083871	

MOTIF AC0061:YY:C2H2_ZF AC0061:YY:C2H2_ZF

letter-probability matrix: alength= 4 w= 12 nsites= 20 E= 0
  0.166668	  0.388886	  0.277777	  0.166668	
  0.333333	  0.111111	  0.222222	  0.333333	
  0.055559	  0.722213	  0.055559	  0.166668	
  0.000000	  1.000000	  0.000000	  0.000000	
  0.944440	  0.055560	  0.000000	  0.000000	
  0.000000	  0.000000	  0.111110	  0.888890	
  0.277777	  0.166668	  0.166668	  0.388886	
  0.055560	  0.111110	  0.111110	  0.722220	
  0.333330	  0.111110	  0.055560	  0.500000	
  0.166670	  0.222220	  0.277780	  0.333330	
  0.222222	  0.222222	  0.333333	  0.222222	
  0.333333	  0.222222	  0.333333	  0.111111	

MOTIF AC0062:ZNF:C2H2_ZF AC0062:ZNF:C2H2_ZF

letter-probability matrix: alength= 4 w= 12 nsites= 20 E= 0
  0.038880	  0.004158	  0.943536	  0.013426	
  0.725979	  0.152668	  0.114786	  0.006566	
  0.853519	  0.022492	  0.118870	  0.005118	
  0.841600	  0.022048	  0.119670	  0.016682	
  0.005118	  0.053998	  0.012648	  0.928236	
  0.007494	  0.003526	  0.894546	  0.094434	
  0.353578	  0.106674	  0.481624	  0.058124	
  0.005444	  0.988178	  0.001884	  0.004494	
  0.005356	  0.074644	  0.010558	  0.909442	
  0.002210	  0.003074	  0.004152	  0.990564	
  0.001132	  0.941894	  0.002654	  0.054320	
  0.003952	  0.961024	  0.002644	  0.032380	

MOTIF AC0063:ZNF:C2H2_ZF AC0063:ZNF:C2H2_ZF

letter-probability matrix: alength= 4 w= 9 nsites= 20 E= 0
  0.141089	  0.002480	  0.754942	  0.101489	
  0.002480	  0.002480	  0.992560	  0.002480	
  0.002480	  0.002480	  0.992560	  0.002480	
  0.507425	  0.358906	  0.131189	  0.002480	
  0.586630	  0.061880	  0.141090	  0.210400	
  0.002480	  0.002480	  0.992560	  0.002480	
  0.150990	  0.695540	  0.150990	  0.002480	
  0.071780	  0.358910	  0.002480	  0.566830	
  0.992560	  0.002480	  0.002480	  0.002480	

MOTIF AC0064:RFX_MXI:RFX AC0064:RFX_MXI:RFX

letter-probability matrix: alength= 4 w= 14 nsites= 20 E= 0
  0.080687	  0.058286	  0.805908	  0.055119	
